                Frequency                        S11
                       1                     -0.31978002
               1.0039999                      -0.3214553
                   1.008                     -0.32373271
                   1.012                     -0.32728278
                   1.016                     -0.33251957
                    1.02                     -0.33952062
                   1.024                     -0.34801415
                   1.028                     -0.35744261
               1.0319999                     -0.36707795
                   1.036                     -0.37618283
                    1.04                     -0.38416367
                   1.044                     -0.39069599
                   1.048                     -0.39579263
                   1.052                     -0.39979607
                   1.056                     -0.40330174
               1.0599999                     -0.40702907
                   1.064                     -0.41166763
                   1.068                     -0.41773233
                   1.072                     -0.42545919
                   1.076                     -0.43476021
                    1.08                     -0.44524453
                   1.084                     -0.45630629
               1.0880001                     -0.46725077
                   1.092                     -0.47744693
                   1.096                     -0.48645797
                     1.1                     -0.49413598
                   1.104                     -0.50064925
                   1.108                     -0.50644576
                   1.112                     -0.51215368
               1.1160001                     -0.51844811
                    1.12                     -0.52590708
                   1.124                     -0.53489431
                   1.128                     -0.54548353
                   1.132                     -0.55744981
                   1.136                     -0.57031524
                    1.14                     -0.58345817
               1.1440001                     -0.59623968
                   1.148                     -0.60814186
                   1.152                     -0.61887857
                   1.156                     -0.62845526
                    1.16                     -0.63716355
                   1.164                     -0.64552073
                   1.168                     -0.65415701
               1.1720001                     -0.66367892
                   1.176                     -0.67454851
               1.1799999                     -0.68698466
                   1.184                     -0.70092401
                   1.188                     -0.71603149
                   1.192                      -0.7317793
                   1.196                     -0.74755763
                     1.2                     -0.76280137
                   1.204                     -0.77711585
               1.2079999                     -0.79035575
                   1.212                     -0.80266062
                   1.216                     -0.81441832
                    1.22                     -0.82618519
                   1.224                     -0.83856759
                   1.228                     -0.85209445
                   1.232                     -0.86710733
               1.2359999                     -0.88369258
                    1.24                     -0.90166721
                   1.244                     -0.92061642
                   1.248                     -0.93998712
                   1.252                     -0.95920102
                   1.256                     -0.97778155
                    1.26                      -0.9954546
               1.2640001                      -1.0122056
                   1.268                      -1.0282846
                   1.272                        -1.04415
                   1.276                      -1.0603747
                    1.28                      -1.0775214
                   1.284                      -1.0960301
                   1.288                      -1.1161256
               1.2920001                      -1.1377757
                   1.296                      -1.1606955
                     1.3                      -1.1844168
                   1.304                      -1.2083794
                   1.308                      -1.2320595
                   1.312                      -1.2550729
                   1.316                      -1.2772652
               1.3200001                      -1.2987401
                   1.324                      -1.3198407
               1.3279999                      -1.3410744
                   1.332                      -1.3630083
                   1.336                        -1.38615
                    1.34                       -1.410845
                   1.344                      -1.4372023
                   1.348                      -1.4650813
                   1.352                      -1.4941149
               1.3559999                      -1.5237935
                    1.36                      -1.5535753
                   1.364                      -1.5829943
                   1.368                      -1.6117701
                   1.372                      -1.6398642
                   1.376                      -1.6674881
                    1.38                      -1.6950634
               1.3839999                      -1.7231322
                   1.388                      -1.7522422
                   1.392                      -1.7828377
                   1.396                      -1.8151627
                     1.4                      -1.8492174
                   1.404                       -1.884756
                   1.408                      -1.9213421
               1.4119999                      -1.9584396
                   1.416                      -1.9955286
                    1.42                      -2.0322152
                   1.424                      -2.0683226
                   1.428                      -2.1039221
                   1.432                      -2.1393291
                   1.436                      -2.1750342
               1.4400001                      -2.2116008
                   1.444                      -2.2495505
                   1.448                      -2.2892552
                   1.452                      -2.3308623
                   1.456                      -2.3742616
                    1.46                      -2.4191121
                   1.464                      -2.4649165
               1.4680001                      -2.5111211
                   1.472                      -2.5572398
                   1.476                      -2.6029553
                    1.48                      -2.6481921
                   1.484                      -2.6931362
                   1.488                      -2.7381961
                   1.492                      -2.7839231
               1.4960001                      -2.8308924
                     1.5                      -2.8795895
               1.5039999                      -2.9303074
                   1.508                      -2.9830858
                   1.512                      -3.0377038
                   1.516                      -3.0937287
                    1.52                      -3.1506006
                   1.524                      -3.2077602
                   1.528                      -3.2647579
               1.5319999                       -3.321365
                   1.536                      -3.3776158
                    1.54                      -3.4338111
                   1.544                      -3.4904582
                   1.548                      -3.5481621
                   1.552                      -3.6075047
                   1.556                      -3.6689264
               1.5599999                      -3.7326293
                   1.564                      -3.7985368
                   1.568                      -3.8663079
                   1.572                      -3.9354126
                   1.576                      -4.0052347
                    1.58                      -4.0752086
                   1.584                      -4.1449421
               1.5880001                      -4.2143002
                   1.592                      -4.2834467
                   1.596                      -4.3528075
                     1.6                        -4.42299
                   1.604                      -4.4946548
                   1.608                      -4.5683807
                   1.612                      -4.6445408
               1.6160001                      -4.7232251
                    1.62                       -4.804218
                   1.624                       -4.887041
                   1.628                      -4.9710503
                   1.632                      -5.0555715
                   1.636                      -5.1400453
                    1.64                       -5.224148
               1.6440001                      -5.3078756
                   1.648                      -5.3915403
                   1.652                      -5.4757212
                   1.656                      -5.5611373
                    1.66                       -5.648504
                   1.664                      -5.7383779
                   1.668                      -5.8310383
               1.6720001                      -5.9264247
                   1.676                      -6.0241424
               1.6799999                      -6.1235394
                   1.684                      -6.2238398
                   1.688                      -6.3243062
                   1.692                      -6.4244045
                   1.696                      -6.5239214
                     1.7                      -6.6230199
                   1.704                      -6.7222136
               1.7079999                      -6.8222649
                   1.712                       -6.924021
                   1.716                      -7.0282393
                    1.72                      -7.1354183
                   1.724                      -7.2456857
                   1.728                      -7.3587626
                   1.732                      -7.4740067
               1.7359999                      -7.5905406
                    1.74                       -7.707432
                   1.744                      -7.8238917
                   1.748                      -7.9394507
                   1.752                      -8.0540696
                   1.756                      -8.1681589
                    1.76                       -8.282496
               1.7640001                      -8.3980644
                   1.768                      -8.5158349
                   1.772                      -8.6365555
                   1.776                      -8.7605744
                    1.78                      -8.8877496
                   1.784                      -9.0174555
                   1.788                      -9.1486924
               1.7920001                      -9.2802873
                   1.796                      -9.4111369
                     1.8                      -9.5404494
                   1.804                      -9.6679196
                   1.808                      -9.7938123
                   1.812                      -9.9189058
                   1.816                      -10.044323
               1.8200001                      -10.171283
                   1.824                       -10.30081
               1.8279999                      -10.433496
                   1.832                      -10.569332
                   1.836                      -10.707673
                    1.84                       -10.84733
                   1.844                      -10.986796
                   1.848                      -11.124542
                   1.852                      -11.259352
               1.8559999                      -11.390582
                    1.86                       -11.51831
                   1.864                      -11.643318
                   1.868                      -11.766904
                   1.872                      -11.890568
                   1.876                      -12.015648
                    1.88                       -12.14297
               1.8839999                       -12.27261
                   1.888                      -12.403807
                   1.892                      -12.535059
                   1.896                       -12.66439
                     1.9                      -12.789742
                   1.904                       -12.90941
                   1.908                      -13.022418
               1.9119999                      -13.128734
                   1.916                      -13.229263
                    1.92                      -13.325611
                   1.924                      -13.419672
                   1.928                      -13.513145
                   1.932                      -13.607082
                   1.936                       -13.70158
               1.9400001                      -13.795679
                   1.944                        -13.8875
                   1.948                      -13.974612
                   1.952                      -14.054542
                   1.956                      -14.125335
                    1.96                      -14.186012
                   1.964                       -14.23681
               1.9680001                      -14.279117
                   1.972                      -14.315128
                   1.976                      -14.347308
                    1.98                      -14.377788
                   1.984                      -14.407858
                   1.988                      -14.437652
                   1.992                      -14.466095
               1.9960001                      -14.491145
                       2                      -14.510256
               2.0039999                      -14.520993
               2.0079999                      -14.521642
               2.0120001                      -14.511666
                   2.016                      -14.491864
                    2.02                      -14.464225
               2.0239999                      -14.431462
               2.0280001                      -14.396406
               2.0320001                      -14.361391
                   2.036                      -14.327753
                    2.04                      -14.295591
               2.0439999                      -14.263779
               2.0480001                      -14.230274
                   2.052                      -14.192619
                   2.056                      -14.148564
               2.0599999                      -14.096638
               2.0639999                      -14.036547
               2.0680001                      -13.969284
                   2.072                      -13.896925
                   2.076                      -13.822169
               2.0799999                      -13.747755
               2.0840001                      -13.675876
               2.0880001                      -13.607751
                   2.092                      -13.543401
                   2.096                      -13.481692
               2.0999999                      -13.420623
               2.1040001                      -13.357798
                   2.108                      -13.290998
                   2.112                      -13.218717
               2.1159999                      -13.140528
               2.1199999                      -13.057206
               2.1240001                      -12.970557
                   2.128                      -12.883019
                   2.132                      -12.797121
               2.1359999                      -12.714946
               2.1400001                      -12.637709
               2.1440001                       -12.56552
                   2.148                      -12.497385
                   2.152                      -12.431435
               2.1559999                      -12.365342
               2.1600001                      -12.296836
                   2.164                      -12.224228
                   2.168                      -12.146798
               2.1719999                      -12.064965
               2.1760001                      -11.980195
               2.1800001                      -11.894673
                   2.184                      -11.810814
                   2.188                      -11.730742
               2.1919999                      -11.655847
               2.1960001                      -11.586499
                     2.2                      -11.521973
                   2.204                      -11.460611
               2.2079999                       -11.40016
               2.2119999                      -11.338262
               2.2160001                      -11.272971
                    2.22                      -11.203185
                   2.224                      -11.128913
               2.2279999                      -11.051263
               2.2320001                        -10.9722
               2.2360001                      -10.894116
                    2.24                      -10.819297
                   2.244                      -10.749446
               2.2479999                      -10.685323
               2.2520001                      -10.626579
                   2.256                      -10.571823
                    2.26                      -10.518895
               2.2639999                      -10.465309
               2.2679999                      -10.408794
               2.2720001                      -10.347785
                   2.276                      -10.281789
                    2.28                      -10.211502
               2.2839999                      -10.138668
               2.2880001                      -10.065685
               2.2920001                      -9.9950961
                   2.296                      -9.9290382
                     2.3                      -9.8687894
               2.3039999                      -9.8144933
               2.3080001                      -9.7651093
                   2.312                      -9.7185974
                   2.316                      -9.6723208
               2.3199999                      -9.6235908
               2.3239999                      -9.5702446
               2.3280001                      -9.5111444
                   2.332                      -9.4464454
                   2.336                      -9.3775865
               2.3399999                      -9.3069837
               2.3440001                      -9.2375132
                   2.348                      -9.1718901
                   2.352                      -9.1120969
               2.3559999                      -9.0589558
               2.3599999                      -9.0119254
               2.3640001                       -8.969169
                   2.368                       -8.927878
                   2.372                      -8.8848244
               2.3759999                      -8.8370324
               2.3800001                      -8.7824447
               2.3840001                      -8.7204124
                   2.388                      -8.6518848
                   2.392                      -8.5792359
               2.3959999                      -8.5057688
               2.4000001                      -8.4350161
                   2.404                      -8.3699958
                   2.408                      -8.3125676
               2.4119999                      -8.2630088
               2.4159999                      -8.2198885
               2.4200001                       -8.180255
                   2.424                      -8.1401482
                   2.428                      -8.0953729
               2.4319999                      -8.0423967
               2.4360001                      -7.9791767
               2.4400001                      -7.9057129
                   2.444                      -7.8241405
                   2.448                      -7.7383483
               2.4519999                      -7.6531915
               2.4560001                       -7.573499
                    2.46                      -7.5030895
                   2.464                      -7.4439649
               2.4679999                      -7.3958023
               2.4719999                      -7.3558393
               2.4760001                      -7.3191973
                    2.48                      -7.2796783
                   2.484                      -7.2309898
               2.4879999                      -7.1682192
               2.4920001                      -7.0892377
               2.4960001                      -6.9956611
                     2.5                      -6.8930608
               2.5039999                      -6.7903846
               2.5079999                      -6.6987908
               2.5120001                      -6.6302289
                   2.516                      -6.5961062
                    2.52                      -6.6061852
               2.5239999                      -6.6677359
               2.5280001                      -6.7848265
               2.5320001                      -6.9576292
                   2.536                      -7.1816255
                    2.54                      -7.4467254
               2.5439999                      -7.7365137
               2.5480001                      -8.0281711
                   2.552                       -8.293953
                   2.556                       -8.505086
               2.5599999                      -8.6380438
               2.5639999                      -8.6813154
               2.5680001                      -8.6393567
                   2.572                      -8.5313918
                   2.576                      -8.3858404
               2.5799999                      -8.2334911
               2.5840001                       -8.102306
               2.5880001                      -8.0148009
                   2.592                      -7.9875094
                   2.596                      -8.0315606
               2.5999999                      -8.1535999
               2.6040001                      -8.3566234
                   2.608                      -8.6405649
                   2.612                      -9.0025746
               2.6159999                      -9.4370281
               2.6199999                       -9.935308
               2.6240001                      -10.485434
                   2.628                      -11.071678
                   2.632                      -11.674366
               2.6359999                      -12.270118
               2.6400001                      -12.832909
               2.6440001                      -13.336099
                   2.648                      -13.755418
                   2.652                      -14.072318
               2.6559999                      -14.276776
               2.6600001                      -14.368638
                   2.664                      -14.357108
                   2.668                      -14.258674
               2.6719999                      -14.094185
               2.6760001                      -13.885838
               2.6800001                      -13.654597
                   2.684                      -13.418283
                   2.688                      -13.190354
               2.6919999                      -12.979255
               2.6960001                       -12.78824
                     2.7                      -12.615598
                   2.704                       -12.45533
               2.7079999                      -12.298363
               2.7119999                      -12.134396
               2.7160001                       -11.95424
                    2.72                      -11.752238
                   2.724                      -11.528114
               2.7279999                      -11.287648
               2.7320001                      -11.041973
               2.7360001                      -10.805856
                    2.74                      -10.595652
                   2.744                      -10.427493
               2.7479999                      -10.316115
               2.7520001                      -10.274231
                   2.756                      -10.312378
                    2.76                      -10.438959
               2.7639999                      -10.660296
               2.7679999                      -10.980502
               2.7720001                      -11.400991
                   2.776                      -11.919361
                    2.78                      -12.527397
               2.7839999                      -13.207835
               2.7880001                      -13.929966
               2.7920001                       -14.64529
                   2.796                      -15.287126
                     2.8                      -15.780781
               2.8039999                      -16.067594
               2.8080001                      -16.131703
                   2.812                      -16.007181
                   2.816                      -15.758346
               2.8199999                      -15.451545
               2.8239999                      -15.137469
               2.8280001                      -14.846934
                   2.832                      -14.593968
                   2.836                      -14.380766
               2.8399999                      -14.202185
               2.8440001                      -14.049324
                   2.848                      -13.912325
                   2.852                      -13.782507
               2.8559999                      -13.653812
               2.8599999                      -13.523465
               2.8640001                      -13.391814
                   2.868                      -13.261542
                   2.872                      -13.136505
               2.8759999                      -13.020568
               2.8800001                      -12.916666
               2.8840001                      -12.826242
                   2.888                      -12.749067
                   2.892                      -12.683406
               2.8959999                      -12.626446
               2.9000001                      -12.574882
                   2.904                      -12.525555
                   2.908                      -12.476007
               2.9119999                       -12.42486
               2.9159999                      -12.371933
               2.9200001                      -12.318111
                   2.924                       -12.26499
                   2.928                      -12.214431
               2.9319999                      -12.168098
               2.9360001                      -12.127108
               2.9400001                      -12.091817
                   2.944                      -12.061793
                   2.948                      -12.035943
               2.9519999                       -12.01277
               2.9560001                      -11.990684
                    2.96                      -11.968325
                   2.964                      -11.944807
               2.9679999                      -11.919854
               2.9719999                      -11.893793
               2.9760001                      -11.867412
                    2.98                      -11.841746
                   2.984                      -11.817809
               2.9879999                      -11.796366
               2.9920001                      -11.777772
               2.9960001                      -11.761904
                       3                      -11.748205
               3.0039999                       -11.73581
               3.0079999                      -11.723741
               3.0120001                       -11.71111
                   3.016                      -11.697294
                    3.02                      -11.682058
               3.0239999                      -11.665574
               3.0280001                      -11.648363
               3.0320001                      -11.631166
                   3.036                       -11.61476
                    3.04                      -11.599799
               3.0439999                      -11.586675
               3.0480001                      -11.575443
                   3.052                      -11.565822
                   3.056                      -11.557264
               3.0599999                      -11.549076
               3.0639999                      -11.540568
               3.0680001                      -11.531194
                   3.072                      -11.520655
                   3.076                       -11.50895
               3.0799999                      -11.496358
               3.0840001                      -11.483361
               3.0880001                      -11.470525
                   3.092                      -11.458375
                   3.096                      -11.447273
               3.0999999                      -11.437345
               3.1040001                      -11.428462
                   3.108                      -11.420261
                   3.112                      -11.412232
               3.1159999                      -11.403823
               3.1199999                      -11.394554
               3.1240001                      -11.384117
                   3.128                      -11.372427
                   3.132                      -11.359634
               3.1359999                       -11.34608
               3.1400001                      -11.332215
               3.1440001                      -11.318494
                   3.148                      -11.305282
                   3.152                      -11.292764
               3.1559999                      -11.280919
               3.1600001                      -11.269516
                   3.164                       -11.25817
                   3.168                      -11.246416
               3.1719999                      -11.233812
               3.1760001                      -11.220027
               3.1800001                      -11.204902
                   3.184                      -11.188481
                   3.188                      -11.170997
               3.1919999                      -11.152811
               3.1960001                      -11.134333
                     3.2                      -11.115934
                   3.204                      -11.097865
               3.2079999                      -11.080202
               3.2119999                      -11.062839
               3.2160001                      -11.045502
                    3.22                      -11.027814
                   3.224                      -11.009369
               3.2279999                      -10.989817
               3.2320001                      -10.968937
               3.2360001                      -10.946676
                    3.24                      -10.923159
                   3.244                      -10.898659
               3.2479999                      -10.873532
               3.2520001                      -10.848147
                   3.256                        -10.8228
                    3.26                      -10.797661
               3.2639999                      -10.772735
               3.2679999                      -10.747866
               3.2720001                      -10.722766
                   3.276                      -10.697083
                    3.28                      -10.670469
               3.2839999                      -10.642655
               3.2880001                      -10.613504
               3.2920001                      -10.583042
                   3.296                      -10.551442
                     3.3                      -10.518997
               3.3039999                      -10.486053
               3.3080001                      -10.452933
                   3.312                      -10.419878
                   3.316                      -10.387002
               3.3199999                      -10.354261
               3.3239999                      -10.321478
               3.3280001                      -10.288371
                   3.332                      -10.254624
                   3.336                      -10.219947
               3.3399999                       -10.18414
               3.3440001                      -10.147135
                   3.348                      -10.109012
                   3.352                      -10.069976
               3.3559999                      -10.030319
               3.3599999                      -9.9903648
               3.3640001                      -9.9503937
                   3.368                      -9.9105989
                   3.372                      -9.8710401
               3.3759999                       -9.831644
               3.3800001                      -9.7922171
               3.3840001                      -9.7524928
                   3.388                      -9.7121907
                   3.392                      -9.6710715
               3.3959999                      -9.6289939
               3.4000001                      -9.5859422
                   3.404                      -9.5420317
                   3.408                      -9.4974861
               3.4119999                       -9.452592
               3.4159999                      -9.4076408
               3.4200001                      -9.3628731
                   3.424                      -9.3184335
                   3.428                       -9.274343
               3.4319999                      -9.2305022
               3.4360001                      -9.1867114
               3.4400001                      -9.1427196
                   3.444                      -9.0982804
                   3.448                      -9.0532006
               3.4519999                      -9.0073862
               3.4560001                      -8.9608626
                    3.46                      -8.9137706
                   3.464                      -8.8663381
               3.4679999                      -8.8188345
               3.4719999                      -8.7715195
               3.4760001                      -8.7245911
                    3.48                      -8.6781473
                   3.484                      -8.6321716
               3.4879999                      -8.5865398
               3.4920001                      -8.5410507
               3.4960001                      -8.4954666
                     3.5                      -8.4495695
               3.5039999                      -8.4032057
               3.5079999                      -8.3563202
               3.5120001                      -8.3089694
                   3.516                      -8.2613103
                    3.52                       -8.213569
               3.5239999                      -8.1659975
               3.5280001                      -8.1188202
               3.5320001                      -8.0721925
                   3.536                      -8.0261746
                    3.54                      -7.9807167
               3.5439999                      -7.9356768
               3.5480001                      -7.8908523
                   3.552                      -7.8460225
                   3.556                      -7.8009967
               3.5599999                      -7.7556592
               3.5639999                      -7.7099883
               3.5680001                      -7.6640666
                   3.572                       -7.618061
                   3.576                      -7.5721925
               3.5799999                      -7.5266901
               3.5840001                      -7.4817415
               3.5880001                      -7.4374634
                   3.592                      -7.3938728
                   3.596                      -7.3508893
               3.5999999                      -7.3083529
               3.6040001                       -7.266059
                   3.608                      -7.2238017
                   3.612                      -7.1814169
               3.6159999                      -7.1388208
               3.6199999                      -7.0960219
               3.6240001                      -7.0531265
                   3.628                      -7.0103112
                   3.632                       -6.967792
               3.6359999                      -6.9257759
               3.6400001                      -6.8844222
               3.6440001                      -6.8438112
                   3.648                      -6.8039266
                   3.652                      -6.7646639
               3.6559999                      -6.7258518
               3.6600001                      -6.6872864
                   3.664                      -6.6487795
                   3.668                       -6.610192
               3.6719999                      -6.5714688
               3.6760001                      -6.5326458
               3.6800001                      -6.4938449
                   3.684                      -6.4552477
                   3.688                      -6.4170577
               3.6919999                      -6.3794587
               3.6960001                      -6.3425781
                     3.7                      -6.3064603
                   3.704                      -6.2710584
               3.7079999                      -6.2362462
               3.7119999                      -6.2018435
               3.7160001                      -6.1676561
                    3.72                      -6.1335137
                   3.724                      -6.0993079
               3.7279999                      -6.0650147
               3.7320001                      -6.0306964
               3.7360001                      -5.9964931
                    3.74                      -5.9625899
                   3.744                      -5.9291768
               3.7479999                       -5.896416
               3.7520001                      -5.8644029
                   3.756                      -5.8331452
                    3.76                      -5.8025702
               3.7639999                      -5.7725309
               3.7679999                      -5.7428431
               3.7720001                      -5.7133215
                   3.776                      -5.6838191
                    3.78                      -5.6542563
               3.7839999                      -5.6246404
               3.7880001                      -5.5950564
               3.7920001                      -5.5656591
                   3.796                      -5.5366339
                     3.8                      -5.5081554
               3.8039999                      -5.4803584
               3.8080001                      -5.4533044
                   3.812                      -5.4269701
                   3.816                      -5.4012528
               3.8199999                       -5.375992
               3.8239999                      -5.3510048
               3.8280001                      -5.3261181
                   3.832                      -5.3012143
                   3.836                      -5.2762464
               3.8399999                      -5.2512551
               3.8440001                      -5.2263544
                   3.848                      -5.2017113
                   3.852                      -5.1775089
               3.8559999                      -5.1539078
               3.8599999                      -5.1310124
               3.8640001                      -5.1088485
                   3.868                      -5.0873576
                   3.872                      -5.0664128
               3.8759999                       -5.045838
               3.8800001                      -5.0254488
               3.8840001                      -5.0050926
                   3.888                      -4.9846759
                   3.892                       -4.964187
               3.8959999                      -4.9436989
               3.9000001                      -4.9233505
                   3.904                      -4.9033212
                   3.908                      -4.8837892
               3.9119999                      -4.8648978
               3.9159999                      -4.8467203
               3.9200001                      -4.8292514
                   3.924                      -4.8124031
                   3.928                      -4.7960209
               3.9319999                      -4.7799236
               3.9360001                      -4.7639348
               3.9400001                      -4.7479194
                   3.944                      -4.7318188
                   3.948                      -4.7156565
               3.9519999                      -4.6995337
               3.9560001                      -4.6836145
                    3.96                      -4.6680803
                   3.964                      -4.6531041
               3.9679999                      -4.6388007
               3.9719999                      -4.6252137
               3.9760001                         -4.6123
                    3.98                      -4.5999423
                   3.984                      -4.5879661
               3.9879999                      -4.5761865
               3.9920001                      -4.5644397
               3.9960001                      -4.5526199
                       4                      -4.5407027
               4.0040002                      -4.5287507
               4.0079999                      -4.5168974
               4.0120001                      -4.5053227
               4.0159998                      -4.4942137
                    4.02                      -4.4837262
               4.0240002                      -4.4739497
               4.0279999                      -4.4648885
               4.0320001                      -4.4564626
               4.0359998                      -4.4485229
                    4.04                      -4.4408808
               4.0440001                      -4.4333504
               4.0479999                      -4.4257851
                   4.052                      -4.4181111
               4.0560002                       -4.410342
               4.0599999                       -4.402578
               4.0640001                      -4.3949848
               4.0679998                      -4.3877559
                   4.072                       -4.381078
               4.0760002                       -4.375086
               4.0799999                       -4.369837
               4.0840001                      -4.3653004
               4.0879998                      -4.3613587
                   4.092                      -4.3578362
               4.0960002                      -4.3545329
               4.0999999                      -4.3512698
               4.1040001                      -4.3479243
               4.1079998                      -4.3444583
                   4.112                      -4.3409264
               4.1160002                      -4.3374636
               4.1199999                      -4.3342604
               4.1240001                       -4.331518
               4.1279998                      -4.3294099
                   4.132                      -4.3280464
               4.1360002                      -4.3274449
               4.1399999                      -4.3275317
               4.1440001                      -4.3281573
               4.1479998                      -4.3291237
                   4.152                      -4.3302295
               4.1560001                      -4.3313146
               4.1599998                      -4.3322906
                   4.164                      -4.3331647
               4.1680002                       -4.334036
               4.1719999                      -4.3350786
               4.1760001                      -4.3365017
               4.1799998                      -4.3385088
                   4.184                      -4.3412528
               4.1880002                      -4.3448016
               4.1919999                      -4.3491277
               4.1960001                      -4.3541113
               4.1999998                      -4.3595634
                   4.204                      -4.3652688
               4.2080002                      -4.3710307
               4.2119999                      -4.3767167
               4.2160001                      -4.3822839
               4.2199998                      -4.3877948
                   4.224                      -4.3934042
               4.2280002                      -4.3993296
               4.2319999                       -4.405806
               4.2360001                      -4.4130395
               4.2399998                      -4.4211639
                   4.244                      -4.4302149
               4.2480001                       -4.440123
               4.2519999                      -4.4507313
                   4.256                      -4.4618338
               4.2600002                      -4.4732156
               4.2639999                      -4.4847107
               4.2680001                       -4.496242
               4.2719998                      -4.5078442
                   4.276                      -4.5196608
               4.2800002                      -4.5319329
               4.2839999                       -4.544949
               4.2880001                      -4.5589992
               4.2919998                       -4.574322
                   4.296                      -4.5910696
               4.3000002                      -4.6092861
               4.3039999                      -4.6289137
               4.3080001                      -4.6498195
               4.3119998                      -4.6718413
                   4.316                      -4.6948419
               4.3200002                      -4.7187525
               4.3239999                      -4.7436113
               4.3280001                      -4.7695726
               4.3319998                      -4.7968862
                   4.336                      -4.8258539
               4.3400002                      -4.8567754
               4.3439999                      -4.8898754
                   4.348                      -4.9252459
               4.3520002                      -4.9628012
               4.3559999                      -5.0022666
               4.3600001                      -5.0431883
               4.3639998                      -5.0849826
                   4.368                      -5.1270001
               4.3720002                      -5.1686009
               4.3759999                      -5.2092287
               4.3800001                      -5.2484625
               4.3839998                      -5.2860438
                   4.388                      -5.3218741
               4.3920002                      -5.3559788
               4.3959999                      -5.3884508
               4.4000001                      -5.4193969
               4.4039998                       -5.448879
                   4.408                      -5.4768823
               4.4120002                      -5.5033137
               4.4159999                      -5.5280223
               4.4200001                      -5.5508501
               4.4239998                       -5.571679
                   4.428                      -5.5904942
               4.4320002                      -5.6074162
               4.4359999                      -5.6227056
               4.4400001                      -5.6367464
               4.4439998                      -5.6499907
                   4.448                      -5.6628869
               4.4520001                      -5.6758154
               4.4559999                       -5.689018
                    4.46                      -5.7025703
               4.4640002                      -5.7163736
               4.4679999                      -5.7301879
               4.4720001                      -5.7436929
               4.4759998                      -5.7565641
                    4.48                      -5.7685521
               4.4840002                      -5.7795351
               4.4879999                      -5.7895607
               4.4920001                      -5.7988345
               4.4959998                      -5.8076779
                     4.5                      -5.8164611
               4.5040002                       -5.825524
               4.5079999                      -5.8350956
               4.5120001                      -5.8452442
               4.5159998                      -5.8558573
                    4.52                      -5.8666547
               4.5240002                      -5.8772469
               4.5279999                      -5.8872127
               4.5320001                      -5.8961899
               4.5359998                      -5.9039494
                    4.54                      -5.9104469
               4.5440001                      -5.9158417
               4.5479999                      -5.9204637
                   4.552                       -5.924752
               4.5560002                      -5.9291738
               4.5599999                      -5.9341289
               4.5640001                      -5.9398815
               4.5679998                       -5.946518
                   4.572                      -5.9539363
               4.5760002                      -5.9618822
               4.5799999                      -5.9700197
               4.5840001                      -5.9779993
               4.5879998                      -5.9855507
                   4.592                      -5.9925376
               4.5960002                      -5.9989835
               4.5999999                      -6.0050649
               4.6040001                      -6.0110574
               4.6079998                      -6.0172672
                   4.612                      -6.0239464
               4.6160002                      -6.0312217
               4.6199999                      -6.0390543
               4.6240001                      -6.0472328
               4.6279998                      -6.0554069
                   4.632                      -6.0631586
               4.6360002                      -6.0700936
               4.6399999                      -6.0759233
               4.6440001                      -6.0805423
               4.6479998                      -6.0840563
                   4.652                      -6.0867685
               4.6560001                       -6.089127
               4.6599998                      -6.0916343
                   4.664                      -6.0947439
               4.6680002                      -6.0987703
               4.6719999                      -6.1038227
               4.6760001                      -6.1097852
               4.6799998                      -6.1163426
                   4.684                      -6.1230517
               4.6880002                       -6.129441
               4.6919999                      -6.1351168
               4.6960001                      -6.1398588
               4.6999998                      -6.1436788
                   4.704                      -6.1468225
               4.7080002                      -6.1497275
               4.7119999                      -6.1529377
               4.7160001                      -6.1569891
               4.7199998                      -6.1622973
                   4.724                      -6.1690736
               4.7280002                      -6.1772796
               4.7319999                      -6.1866376
               4.7360001                      -6.1966908
               4.7399998                      -6.2069066
                   4.744                       -6.216795
               4.7480001                      -6.2260271
               4.7519999                      -6.2345131
                   4.756                      -6.2424331
               4.7600002                      -6.2502103
               4.7639999                      -6.2584221
               4.7680001                      -6.2676866
               4.7719998                       -6.278528
                   4.776                      -6.2912676
               4.7800002                      -6.3059523
               4.7839999                      -6.3223424
               4.7880001                       -6.339959
               4.7919998                      -6.3581834
                   4.796                      -6.3763929
               4.8000002                      -6.3940923
               4.8039999                       -6.411025
               4.8080001                      -6.4272283
               4.8119998                      -6.4430198
                   4.816                      -6.4589158
               4.8200002                      -6.4755003
               4.8239999                      -6.4932686
               4.8280001                      -6.5124771
               4.8319998                      -6.5330352
                   4.836                      -6.5544634
               4.8400002                      -6.5759136
               4.8439999                      -6.5962662
                   4.848                      -6.6142758
               4.8520002                      -6.6287258
               4.8559999                      -6.6385684
               4.8600001                      -6.6430021
               4.8639998                      -6.6414733
                   4.868                      -6.6335912
               4.8720002                       -6.618979
               4.8759999                       -6.597104
               4.8800001                      -6.5671243
               4.8839998                      -6.5278149
                   4.888                      -6.4776016
               4.8920002                      -6.4147195
               4.8959999                      -6.3374757
               4.9000001                      -6.2445827
               4.9039998                      -6.1354783
                   4.908                      -6.0105661
               4.9120002                      -5.8713115
               4.9159999                      -5.7201655
               4.9200001                      -5.5603429
               4.9239998                      -5.3954916
                   4.928                      -5.2293394
               4.9320002                      -5.0653678
               4.9359999                      -4.9065673
               4.9400001                       -4.755302
               4.9439998                      -4.6132556
                   4.948                      -4.4814821
               4.9520001                      -4.3605015
               4.9559999                      -4.2504357
                    4.96                      -4.1511488
               4.9640002                       -4.062366
               4.9679999                      -3.9837561
               4.9720001                      -3.9149783
               4.9759998                      -3.8556845
                    4.98                      -3.8054794
               4.9840002                      -3.7638807
               4.9879999                      -3.7302576
               4.9920001                      -3.7038076
               4.9959998                      -3.6835508
                       5                      -3.6683714

