Theta[deg.]      Phi[deg.]       Abs(Gain)[dBi]      Abs(Theta)[dBi]    Phase(Theta)[deg.]    Abs(Phi)[dBi]     Phase(Phi)[deg.]      Ax.Ratio[dB]    
   0.000           0.000            2.570e+00          -4.995e+01             357.120           2.570e+00              94.196           4.000e+01     
   1.000           0.000            2.569e+00          -5.176e+01               4.739           2.569e+00              94.199           4.000e+01     
   2.000           0.000            2.567e+00          -5.376e+01              16.605           2.567e+00              94.208           4.000e+01     
   3.000           0.000            2.563e+00          -5.558e+01              35.205           2.563e+00              94.224           4.000e+01     
   4.000           0.000            2.558e+00          -5.631e+01              60.513           2.558e+00              94.247           4.000e+01     
   5.000           0.000            2.552e+00          -5.534e+01              85.055           2.552e+00              94.277           4.000e+01     
   6.000           0.000            2.544e+00          -5.345e+01             102.417           2.544e+00              94.314           4.000e+01     
   7.000           0.000            2.535e+00          -5.148e+01             113.418           2.535e+00              94.358           4.000e+01     
   8.000           0.000            2.524e+00          -4.971e+01             120.513           2.524e+00              94.409           4.000e+01     
   9.000           0.000            2.512e+00          -4.817e+01             125.323           2.512e+00              94.466           4.000e+01     
  10.000           0.000            2.499e+00          -4.683e+01             128.746           2.499e+00              94.531           4.000e+01     
  11.000           0.000            2.485e+00          -4.565e+01             131.282           2.485e+00              94.602           4.000e+01     
  12.000           0.000            2.469e+00          -4.461e+01             133.224           2.469e+00              94.680           4.000e+01     
  13.000           0.000            2.452e+00          -4.368e+01             134.750           2.451e+00              94.764           4.000e+01     
  14.000           0.000            2.433e+00          -4.284e+01             135.973           2.433e+00              94.856           4.000e+01     
  15.000           0.000            2.413e+00          -4.208e+01             136.969           2.413e+00              94.954           4.000e+01     
  16.000           0.000            2.392e+00          -4.138e+01             137.792           2.392e+00              95.058           4.000e+01     
  17.000           0.000            2.370e+00          -4.075e+01             138.478           2.370e+00              95.169           4.000e+01     
  18.000           0.000            2.347e+00          -4.016e+01             139.054           2.347e+00              95.287           4.000e+01     
  19.000           0.000            2.322e+00          -3.961e+01             139.540           2.322e+00              95.411           4.000e+01     
  20.000           0.000            2.297e+00          -3.910e+01             139.953           2.296e+00              95.541           4.000e+01     
  21.000           0.000            2.270e+00          -3.862e+01             140.303           2.270e+00              95.677           4.000e+01     
  22.000           0.000            2.242e+00          -3.818e+01             140.599           2.242e+00              95.820           4.000e+01     
  23.000           0.000            2.213e+00          -3.776e+01             140.850           2.213e+00              95.969           4.000e+01     
  24.000           0.000            2.184e+00          -3.737e+01             141.060           2.183e+00              96.124           4.000e+01     
  25.000           0.000            2.153e+00          -3.700e+01             141.235           2.152e+00              96.285           4.000e+01     
  26.000           0.000            2.121e+00          -3.666e+01             141.379           2.120e+00              96.452           4.000e+01     
  27.000           0.000            2.088e+00          -3.633e+01             141.494           2.088e+00              96.624           4.000e+01     
  28.000           0.000            2.055e+00          -3.602e+01             141.584           2.054e+00              96.802           4.000e+01     
  29.000           0.000            2.020e+00          -3.573e+01             141.650           2.020e+00              96.986           4.000e+01     
  30.000           0.000            1.985e+00          -3.545e+01             141.694           1.984e+00              97.175           4.000e+01     
  31.000           0.000            1.949e+00          -3.519e+01             141.719           1.949e+00              97.369           4.000e+01     
  32.000           0.000            1.913e+00          -3.494e+01             141.724           1.912e+00              97.569           3.999e+01     
  33.000           0.000            1.876e+00          -3.470e+01             141.712           1.875e+00              97.774           3.975e+01     
  34.000           0.000            1.838e+00          -3.448e+01             141.683           1.837e+00              97.983           3.953e+01     
  35.000           0.000            1.799e+00          -3.427e+01             141.637           1.798e+00              98.198           3.932e+01     
  36.000           0.000            1.761e+00          -3.407e+01             141.577           1.759e+00              98.417           3.912e+01     
  37.000           0.000            1.721e+00          -3.387e+01             141.501           1.720e+00              98.640           3.894e+01     
  38.000           0.000            1.682e+00          -3.369e+01             141.411           1.680e+00              98.868           3.877e+01     
  39.000           0.000            1.641e+00          -3.352e+01             141.308           1.640e+00              99.100           3.862e+01     
  40.000           0.000            1.601e+00          -3.336e+01             141.190           1.600e+00              99.336           3.847e+01     
  41.000           0.000            1.560e+00          -3.321e+01             141.059           1.559e+00              99.575           3.834e+01     
  42.000           0.000            1.520e+00          -3.306e+01             140.915           1.518e+00              99.818           3.822e+01     
  43.000           0.000            1.479e+00          -3.292e+01             140.758           1.477e+00             100.065           3.812e+01     
  44.000           0.000            1.438e+00          -3.279e+01             140.588           1.436e+00             100.315           3.802e+01     
  45.000           0.000            1.396e+00          -3.267e+01             140.405           1.395e+00             100.568           3.793e+01     
  46.000           0.000            1.355e+00          -3.255e+01             140.209           1.354e+00             100.823           3.786e+01     
  47.000           0.000            1.314e+00          -3.244e+01             140.001           1.313e+00             101.082           3.779e+01     
  48.000           0.000            1.273e+00          -3.234e+01             139.779           1.272e+00             101.342           3.774e+01     
  49.000           0.000            1.233e+00          -3.224e+01             139.545           1.231e+00             101.605           3.770e+01     
  50.000           0.000            1.192e+00          -3.215e+01             139.299           1.190e+00             101.869           3.767e+01     
  51.000           0.000            1.152e+00          -3.207e+01             139.039           1.150e+00             102.135           3.765e+01     
  52.000           0.000            1.112e+00          -3.199e+01             138.766           1.110e+00             102.403           3.764e+01     
  53.000           0.000            1.073e+00          -3.191e+01             138.481           1.071e+00             102.672           3.764e+01     
  54.000           0.000            1.034e+00          -3.184e+01             138.182           1.032e+00             102.941           3.766e+01     
  55.000           0.000            9.957e-01          -3.178e+01             137.870           9.934e-01             103.212           3.768e+01     
  56.000           0.000            9.579e-01          -3.172e+01             137.545           9.555e-01             103.482           3.772e+01     
  57.000           0.000            9.207e-01          -3.167e+01             137.206           9.183e-01             103.753           3.776e+01     
  58.000           0.000            8.842e-01          -3.162e+01             136.854           8.818e-01             104.024           3.782e+01     
  59.000           0.000            8.485e-01          -3.157e+01             136.488           8.460e-01             104.294           3.789e+01     
  60.000           0.000            8.136e-01          -3.153e+01             136.108           8.110e-01             104.563           3.797e+01     
  61.000           0.000            7.795e-01          -3.150e+01             135.714           7.769e-01             104.832           3.807e+01     
  62.000           0.000            7.463e-01          -3.146e+01             135.307           7.437e-01             105.099           3.818e+01     
  63.000           0.000            7.141e-01          -3.143e+01             134.885           7.114e-01             105.365           3.830e+01     
  64.000           0.000            6.829e-01          -3.141e+01             134.448           6.802e-01             105.629           3.843e+01     
  65.000           0.000            6.527e-01          -3.139e+01             133.998           6.500e-01             105.891           3.858e+01     
  66.000           0.000            6.236e-01          -3.137e+01             133.533           6.209e-01             106.151           3.874e+01     
  67.000           0.000            5.957e-01          -3.135e+01             133.053           5.929e-01             106.409           3.892e+01     
  68.000           0.000            5.690e-01          -3.134e+01             132.558           5.662e-01             106.663           3.911e+01     
  69.000           0.000            5.435e-01          -3.133e+01             132.049           5.406e-01             106.915           3.932e+01     
  70.000           0.000            5.192e-01          -3.133e+01             131.525           5.164e-01             107.163           3.954e+01     
  71.000           0.000            4.963e-01          -3.133e+01             130.986           4.935e-01             107.407           3.978e+01     
  72.000           0.000            4.747e-01          -3.133e+01             130.432           4.719e-01             107.648           4.000e+01     
  73.000           0.000            4.546e-01          -3.133e+01             129.863           4.517e-01             107.885           4.000e+01     
  74.000           0.000            4.358e-01          -3.133e+01             129.280           4.329e-01             108.118           4.000e+01     
  75.000           0.000            4.185e-01          -3.134e+01             128.681           4.156e-01             108.346           4.000e+01     
  76.000           0.000            4.027e-01          -3.135e+01             128.068           3.998e-01             108.569           4.000e+01     
  77.000           0.000            3.884e-01          -3.136e+01             127.440           3.855e-01             108.788           4.000e+01     
  78.000           0.000            3.756e-01          -3.137e+01             126.797           3.727e-01             109.002           4.000e+01     
  79.000           0.000            3.644e-01          -3.139e+01             126.140           3.615e-01             109.210           4.000e+01     
  80.000           0.000            3.548e-01          -3.141e+01             125.469           3.519e-01             109.413           4.000e+01     
  81.000           0.000            3.468e-01          -3.142e+01             124.783           3.439e-01             109.611           4.000e+01     
  82.000           0.000            3.404e-01          -3.144e+01             124.084           3.376e-01             109.803           4.000e+01     
  83.000           0.000            3.357e-01          -3.146e+01             123.372           3.328e-01             109.989           4.000e+01     
  84.000           0.000            3.326e-01          -3.149e+01             122.646           3.298e-01             110.169           4.000e+01     
  85.000           0.000            3.312e-01          -3.151e+01             121.907           3.284e-01             110.343           4.000e+01     
  86.000           0.000            3.315e-01          -3.154e+01             121.156           3.286e-01             110.511           4.000e+01     
  87.000           0.000            3.334e-01          -3.156e+01             120.393           3.306e-01             110.674           4.000e+01     
  88.000           0.000            3.370e-01          -3.159e+01             119.618           3.342e-01             110.829           4.000e+01     
  89.000           0.000            3.423e-01          -3.161e+01             118.832           3.396e-01             110.979           4.000e+01     
  90.000           0.000            3.493e-01          -3.164e+01             118.036           3.466e-01             111.122           4.000e+01     
  91.000           0.000            3.580e-01          -3.167e+01             117.230           3.553e-01             111.259           4.000e+01     
  92.000           0.000            3.683e-01          -3.170e+01             116.415           3.656e-01             111.390           4.000e+01     
  93.000           0.000            3.804e-01          -3.173e+01             115.591           3.777e-01             111.514           4.000e+01     
  94.000           0.000            3.940e-01          -3.176e+01             114.759           3.914e-01             111.632           4.000e+01     
  95.000           0.000            4.094e-01          -3.179e+01             113.919           4.068e-01             111.744           4.000e+01     
  96.000           0.000            4.263e-01          -3.182e+01             113.073           4.237e-01             111.850           4.000e+01     
  97.000           0.000            4.449e-01          -3.185e+01             112.222           4.423e-01             111.949           4.000e+01     
  98.000           0.000            4.651e-01          -3.188e+01             111.365           4.625e-01             112.043           4.000e+01     
  99.000           0.000            4.868e-01          -3.191e+01             110.505           4.843e-01             112.130           4.000e+01     
 100.000           0.000            5.101e-01          -3.195e+01             109.641           5.076e-01             112.212           4.000e+01     
 101.000           0.000            5.349e-01          -3.198e+01             108.775           5.325e-01             112.287           4.000e+01     
 102.000           0.000            5.612e-01          -3.201e+01             107.907           5.588e-01             112.357           4.000e+01     
 103.000           0.000            5.890e-01          -3.204e+01             107.039           5.866e-01             112.422           4.000e+01     
 104.000           0.000            6.182e-01          -3.208e+01             106.170           6.158e-01             112.481           4.000e+01     
 105.000           0.000            6.488e-01          -3.211e+01             105.303           6.465e-01             112.534           4.000e+01     
 106.000           0.000            6.807e-01          -3.214e+01             104.438           6.785e-01             112.583           4.000e+01     
 107.000           0.000            7.140e-01          -3.218e+01             103.575           7.118e-01             112.627           4.000e+01     
 108.000           0.000            7.486e-01          -3.221e+01             102.717           7.464e-01             112.665           4.000e+01     
 109.000           0.000            7.844e-01          -3.225e+01             101.862           7.822e-01             112.699           4.000e+01     
 110.000           0.000            8.214e-01          -3.228e+01             101.013           8.193e-01             112.729           4.000e+01     
 111.000           0.000            8.596e-01          -3.232e+01             100.170           8.575e-01             112.754           4.000e+01     
 112.000           0.000            8.988e-01          -3.236e+01              99.334           8.968e-01             112.775           4.000e+01     
 113.000           0.000            9.392e-01          -3.240e+01              98.505           9.372e-01             112.792           4.000e+01     
 114.000           0.000            9.805e-01          -3.243e+01              97.685           9.785e-01             112.805           4.000e+01     
 115.000           0.000            1.023e+00          -3.248e+01              96.874           1.021e+00             112.814           4.000e+01     
 116.000           0.000            1.066e+00          -3.252e+01              96.072           1.064e+00             112.820           4.000e+01     
 117.000           0.000            1.110e+00          -3.256e+01              95.281           1.108e+00             112.823           4.000e+01     
 118.000           0.000            1.155e+00          -3.261e+01              94.500           1.153e+00             112.822           4.000e+01     
 119.000           0.000            1.201e+00          -3.266e+01              93.731           1.199e+00             112.819           4.000e+01     
 120.000           0.000            1.247e+00          -3.271e+01              92.973           1.245e+00             112.813           4.000e+01     
 121.000           0.000            1.294e+00          -3.276e+01              92.228           1.292e+00             112.804           4.000e+01     
 122.000           0.000            1.341e+00          -3.281e+01              91.496           1.340e+00             112.793           4.000e+01     
 123.000           0.000            1.389e+00          -3.287e+01              90.777           1.388e+00             112.779           4.000e+01     
 124.000           0.000            1.438e+00          -3.293e+01              90.072           1.436e+00             112.764           4.000e+01     
 125.000           0.000            1.487e+00          -3.299e+01              89.380           1.485e+00             112.746           4.000e+01     
 126.000           0.000            1.536e+00          -3.306e+01              88.703           1.535e+00             112.727           4.000e+01     
 127.000           0.000            1.586e+00          -3.313e+01              88.040           1.584e+00             112.706           4.000e+01     
 128.000           0.000            1.636e+00          -3.320e+01              87.392           1.634e+00             112.684           4.000e+01     
 129.000           0.000            1.686e+00          -3.328e+01              86.759           1.684e+00             112.660           4.000e+01     
 130.000           0.000            1.736e+00          -3.336e+01              86.141           1.735e+00             112.636           4.000e+01     
 131.000           0.000            1.786e+00          -3.345e+01              85.538           1.785e+00             112.610           4.000e+01     
 132.000           0.000            1.836e+00          -3.354e+01              84.951           1.835e+00             112.583           4.000e+01     
 133.000           0.000            1.887e+00          -3.363e+01              84.380           1.885e+00             112.555           4.000e+01     
 134.000           0.000            1.937e+00          -3.373e+01              83.824           1.935e+00             112.527           4.000e+01     
 135.000           0.000            1.987e+00          -3.384e+01              83.284           1.985e+00             112.498           4.000e+01     
 136.000           0.000            2.036e+00          -3.395e+01              82.761           2.035e+00             112.469           4.000e+01     
 137.000           0.000            2.086e+00          -3.407e+01              82.253           2.085e+00             112.439           4.000e+01     
 138.000           0.000            2.135e+00          -3.419e+01              81.761           2.134e+00             112.409           4.000e+01     
 139.000           0.000            2.183e+00          -3.432e+01              81.285           2.183e+00             112.379           4.000e+01     
 140.000           0.000            2.232e+00          -3.446e+01              80.826           2.231e+00             112.349           4.000e+01     
 141.000           0.000            2.280e+00          -3.461e+01              80.383           2.279e+00             112.319           4.000e+01     
 142.000           0.000            2.327e+00          -3.476e+01              79.957           2.326e+00             112.289           4.000e+01     
 143.000           0.000            2.374e+00          -3.493e+01              79.547           2.373e+00             112.260           4.000e+01     
 144.000           0.000            2.420e+00          -3.510e+01              79.154           2.419e+00             112.230           4.000e+01     
 145.000           0.000            2.465e+00          -3.528e+01              78.778           2.464e+00             112.201           4.000e+01     
 146.000           0.000            2.510e+00          -3.547e+01              78.419           2.509e+00             112.172           4.000e+01     
 147.000           0.000            2.554e+00          -3.567e+01              78.077           2.553e+00             112.143           4.000e+01     
 148.000           0.000            2.597e+00          -3.588e+01              77.752           2.596e+00             112.116           4.000e+01     
 149.000           0.000            2.639e+00          -3.611e+01              77.446           2.638e+00             112.088           4.000e+01     
 150.000           0.000            2.680e+00          -3.634e+01              77.157           2.680e+00             112.061           4.000e+01     
 151.000           0.000            2.720e+00          -3.660e+01              76.887           2.720e+00             112.035           4.000e+01     
 152.000           0.000            2.760e+00          -3.686e+01              76.637           2.759e+00             112.010           4.000e+01     
 153.000           0.000            2.798e+00          -3.714e+01              76.406           2.798e+00             111.985           4.000e+01     
 154.000           0.000            2.835e+00          -3.744e+01              76.196           2.835e+00             111.961           4.000e+01     
 155.000           0.000            2.872e+00          -3.775e+01              76.007           2.871e+00             111.937           4.000e+01     
 156.000           0.000            2.907e+00          -3.808e+01              75.841           2.906e+00             111.915           4.000e+01     
 157.000           0.000            2.941e+00          -3.844e+01              75.699           2.940e+00             111.893           4.000e+01     
 158.000           0.000            2.973e+00          -3.882e+01              75.583           2.973e+00             111.872           4.000e+01     
 159.000           0.000            3.005e+00          -3.922e+01              75.495           3.004e+00             111.852           4.000e+01     
 160.000           0.000            3.035e+00          -3.965e+01              75.437           3.035e+00             111.833           4.000e+01     
 161.000           0.000            3.064e+00          -4.011e+01              75.414           3.064e+00             111.815           4.000e+01     
 162.000           0.000            3.091e+00          -4.060e+01              75.428           3.091e+00             111.797           4.000e+01     
 163.000           0.000            3.118e+00          -4.113e+01              75.486           3.117e+00             111.781           4.000e+01     
 164.000           0.000            3.142e+00          -4.171e+01              75.594           3.142e+00             111.765           4.000e+01     
 165.000           0.000            3.166e+00          -4.233e+01              75.762           3.166e+00             111.751           4.000e+01     
 166.000           0.000            3.188e+00          -4.301e+01              76.002           3.188e+00             111.737           4.000e+01     
 167.000           0.000            3.209e+00          -4.375e+01              76.331           3.209e+00             111.724           4.000e+01     
 168.000           0.000            3.228e+00          -4.458e+01              76.773           3.228e+00             111.713           4.000e+01     
 169.000           0.000            3.246e+00          -4.550e+01              77.364           3.246e+00             111.702           4.000e+01     
 170.000           0.000            3.262e+00          -4.653e+01              78.156           3.262e+00             111.692           4.000e+01     
 171.000           0.000            3.277e+00          -4.771e+01              79.235           3.277e+00             111.683           4.000e+01     
 172.000           0.000            3.290e+00          -4.909e+01              80.744           3.290e+00             111.676           4.000e+01     
 173.000           0.000            3.302e+00          -5.072e+01              82.943           3.302e+00             111.669           4.000e+01     
 174.000           0.000            3.312e+00          -5.271e+01              86.359           3.312e+00             111.663           4.000e+01     
 175.000           0.000            3.320e+00          -5.524e+01              92.209           3.320e+00             111.658           4.000e+01     
 176.000           0.000            3.328e+00          -5.857e+01             103.866           3.328e+00             111.655           4.000e+01     
 177.000           0.000            3.333e+00          -6.248e+01             131.733           3.333e+00             111.652           4.000e+01     
 178.000           0.000            3.337e+00          -6.285e+01             181.858           3.337e+00             111.650           4.000e+01     
 179.000           0.000            3.339e+00          -5.902e+01             212.897           3.339e+00             111.649           4.000e+01     
 180.000           0.000            3.340e+00          -5.558e+01             225.773           3.340e+00             111.649           4.000e+01     
 179.000         180.000            3.340e+00          -5.296e+01              52.133           3.340e+00             291.651           4.000e+01     
 178.000         180.000            3.337e+00          -5.090e+01              55.839           3.337e+00             291.653           4.000e+01     
 177.000         180.000            3.333e+00          -4.923e+01              58.252           3.333e+00             291.656           4.000e+01     
 176.000         180.000            3.328e+00          -4.782e+01              59.951           3.328e+00             291.660           4.000e+01     
 175.000         180.000            3.321e+00          -4.661e+01              61.216           3.321e+00             291.665           4.000e+01     
 174.000         180.000            3.313e+00          -4.556e+01              62.203           3.313e+00             291.672           4.000e+01     
 173.000         180.000            3.303e+00          -4.462e+01              63.000           3.303e+00             291.679           4.000e+01     
 172.000         180.000            3.291e+00          -4.378e+01              63.665           3.291e+00             291.687           4.000e+01     
 171.000         180.000            3.278e+00          -4.301e+01              64.235           3.278e+00             291.696           4.000e+01     
 170.000         180.000            3.263e+00          -4.232e+01              64.735           3.263e+00             291.706           4.000e+01     
 169.000         180.000            3.247e+00          -4.168e+01              65.182           3.247e+00             291.717           4.000e+01     
 168.000         180.000            3.230e+00          -4.110e+01              65.590           3.229e+00             291.730           4.000e+01     
 167.000         180.000            3.211e+00          -4.056e+01              65.969           3.210e+00             291.743           4.000e+01     
 166.000         180.000            3.190e+00          -4.005e+01              66.326           3.190e+00             291.757           4.000e+01     
 165.000         180.000            3.168e+00          -3.958e+01              66.667           3.168e+00             291.772           4.000e+01     
 164.000         180.000            3.145e+00          -3.915e+01              66.997           3.145e+00             291.788           4.000e+01     
 163.000         180.000            3.120e+00          -3.874e+01              67.318           3.120e+00             291.805           4.000e+01     
 162.000         180.000            3.094e+00          -3.835e+01              67.635           3.094e+00             291.822           4.000e+01     
 161.000         180.000            3.067e+00          -3.799e+01              67.949           3.066e+00             291.841           4.000e+01     
 160.000         180.000            3.038e+00          -3.765e+01              68.263           3.038e+00             291.861           4.000e+01     
 159.000         180.000            3.008e+00          -3.733e+01              68.578           3.008e+00             291.881           4.000e+01     
 158.000         180.000            2.977e+00          -3.703e+01              68.895           2.976e+00             291.903           4.000e+01     
 157.000         180.000            2.944e+00          -3.674e+01              69.217           2.944e+00             291.925           4.000e+01     
 156.000         180.000            2.910e+00          -3.647e+01              69.544           2.910e+00             291.948           4.000e+01     
 155.000         180.000            2.876e+00          -3.621e+01              69.877           2.875e+00             291.972           4.000e+01     
 154.000         180.000            2.840e+00          -3.597e+01              70.218           2.839e+00             291.997           4.000e+01     
 153.000         180.000            2.803e+00          -3.575e+01              70.566           2.802e+00             292.022           4.000e+01     
 152.000         180.000            2.764e+00          -3.553e+01              70.923           2.764e+00             292.048           4.000e+01     
 151.000         180.000            2.725e+00          -3.533e+01              71.289           2.725e+00             292.075           4.000e+01     
 150.000         180.000            2.685e+00          -3.513e+01              71.665           2.684e+00             292.103           4.000e+01     
 149.000         180.000            2.644e+00          -3.495e+01              72.052           2.643e+00             292.131           4.000e+01     
 148.000         180.000            2.602e+00          -3.478e+01              72.449           2.601e+00             292.159           4.000e+01     
 147.000         180.000            2.559e+00          -3.461e+01              72.858           2.558e+00             292.189           4.000e+01     
 146.000         180.000            2.516e+00          -3.446e+01              73.279           2.515e+00             292.218           4.000e+01     
 145.000         180.000            2.471e+00          -3.431e+01              73.713           2.470e+00             292.249           4.000e+01     
 144.000         180.000            2.426e+00          -3.417e+01              74.159           2.425e+00             292.279           4.000e+01     
 143.000         180.000            2.380e+00          -3.404e+01              74.619           2.379e+00             292.310           4.000e+01     
 142.000         180.000            2.334e+00          -3.392e+01              75.092           2.333e+00             292.341           4.000e+01     
 141.000         180.000            2.287e+00          -3.380e+01              75.580           2.286e+00             292.372           4.000e+01     
 140.000         180.000            2.239e+00          -3.369e+01              76.081           2.238e+00             292.403           4.000e+01     
 139.000         180.000            2.191e+00          -3.359e+01              76.598           2.190e+00             292.435           4.000e+01     
 138.000         180.000            2.143e+00          -3.349e+01              77.129           2.141e+00             292.466           4.000e+01     
 137.000         180.000            2.094e+00          -3.340e+01              77.676           2.092e+00             292.497           4.000e+01     
 136.000         180.000            2.045e+00          -3.331e+01              78.238           2.043e+00             292.528           4.000e+01     
 135.000         180.000            1.995e+00          -3.323e+01              78.816           1.994e+00             292.558           4.000e+01     
 134.000         180.000            1.945e+00          -3.316e+01              79.411           1.944e+00             292.588           4.000e+01     
 133.000         180.000            1.896e+00          -3.309e+01              80.021           1.894e+00             292.617           4.000e+01     
 132.000         180.000            1.846e+00          -3.302e+01              80.648           1.844e+00             292.646           4.000e+01     
 131.000         180.000            1.796e+00          -3.296e+01              81.291           1.794e+00             292.674           4.000e+01     
 130.000         180.000            1.746e+00          -3.290e+01              81.951           1.744e+00             292.701           4.000e+01     
 129.000         180.000            1.696e+00          -3.285e+01              82.628           1.694e+00             292.727           4.000e+01     
 128.000         180.000            1.646e+00          -3.280e+01              83.322           1.645e+00             292.751           4.000e+01     
 127.000         180.000            1.597e+00          -3.275e+01              84.033           1.595e+00             292.775           4.000e+01     
 126.000         180.000            1.547e+00          -3.270e+01              84.761           1.546e+00             292.797           4.000e+01     
 125.000         180.000            1.498e+00          -3.266e+01              85.505           1.497e+00             292.817           4.000e+01     
 124.000         180.000            1.450e+00          -3.262e+01              86.266           1.448e+00             292.835           4.000e+01     
 123.000         180.000            1.401e+00          -3.259e+01              87.044           1.400e+00             292.852           4.000e+01     
 122.000         180.000            1.354e+00          -3.255e+01              87.838           1.352e+00             292.866           4.000e+01     
 121.000         180.000            1.306e+00          -3.252e+01              88.649           1.305e+00             292.878           4.000e+01     
 120.000         180.000            1.260e+00          -3.249e+01              89.475           1.258e+00             292.888           4.000e+01     
 119.000         180.000            1.214e+00          -3.246e+01              90.317           1.212e+00             292.895           4.000e+01     
 118.000         180.000            1.168e+00          -3.243e+01              91.174           1.166e+00             292.899           4.000e+01     
 117.000         180.000            1.124e+00          -3.241e+01              92.045           1.122e+00             292.900           4.000e+01     
 116.000         180.000            1.080e+00          -3.238e+01              92.931           1.078e+00             292.899           4.000e+01     
 115.000         180.000            1.037e+00          -3.236e+01              93.831           1.035e+00             292.893           4.000e+01     
 114.000         180.000            9.949e-01          -3.233e+01              94.744           9.929e-01             292.885           4.000e+01     
 113.000         180.000            9.538e-01          -3.231e+01              95.669           9.518e-01             292.872           4.000e+01     
 112.000         180.000            9.138e-01          -3.228e+01              96.605           9.117e-01             292.856           4.000e+01     
 111.000         180.000            8.748e-01          -3.226e+01              97.553           8.727e-01             292.836           4.000e+01     
 110.000         180.000            8.369e-01          -3.224e+01              98.511           8.347e-01             292.812           4.000e+01     
 109.000         180.000            8.001e-01          -3.222e+01              99.477           7.979e-01             292.783           4.000e+01     
 108.000         180.000            7.645e-01          -3.219e+01             100.453           7.623e-01             292.750           4.000e+01     
 107.000         180.000            7.302e-01          -3.217e+01             101.435           7.280e-01             292.712           4.000e+01     
 106.000         180.000            6.972e-01          -3.215e+01             102.424           6.949e-01             292.669           4.000e+01     
 105.000         180.000            6.654e-01          -3.212e+01             103.418           6.631e-01             292.621           4.000e+01     
 104.000         180.000            6.350e-01          -3.210e+01             104.416           6.327e-01             292.568           4.000e+01     
 103.000         180.000            6.061e-01          -3.207e+01             105.417           6.037e-01             292.509           4.000e+01     
 102.000         180.000            5.785e-01          -3.204e+01             106.421           5.761e-01             292.446           4.000e+01     
 101.000         180.000            5.524e-01          -3.202e+01             107.425           5.500e-01             292.376           4.000e+01     
 100.000         180.000            5.278e-01          -3.199e+01             108.429           5.253e-01             292.301           4.000e+01     
  99.000         180.000            5.046e-01          -3.196e+01             109.432           5.022e-01             292.220           4.000e+01     
  98.000         180.000            4.831e-01          -3.193e+01             110.432           4.806e-01             292.133           4.000e+01     
  97.000         180.000            4.631e-01          -3.190e+01             111.429           4.605e-01             292.040           4.000e+01     
  96.000         180.000            4.446e-01          -3.187e+01             112.422           4.421e-01             291.942           4.000e+01     
  95.000         180.000            4.278e-01          -3.183e+01             113.409           4.252e-01             291.836           4.000e+01     
  94.000         180.000            4.126e-01          -3.180e+01             114.389           4.100e-01             291.725           4.000e+01     
  93.000         180.000            3.990e-01          -3.177e+01             115.361           3.964e-01             291.608           4.000e+01     
  92.000         180.000            3.871e-01          -3.173e+01             116.326           3.845e-01             291.484           4.000e+01     
  91.000         180.000            3.769e-01          -3.170e+01             117.280           3.742e-01             291.353           4.000e+01     
  90.000         180.000            3.683e-01          -3.166e+01             118.225           3.656e-01             291.217           4.000e+01     
  89.000         180.000            3.614e-01          -3.163e+01             119.158           3.586e-01             291.074           4.000e+01     
  88.000         180.000            3.561e-01          -3.159e+01             120.079           3.533e-01             290.925           4.000e+01     
  87.000         180.000            3.525e-01          -3.156e+01             120.989           3.497e-01             290.770           4.000e+01     
  86.000         180.000            3.506e-01          -3.152e+01             121.885           3.478e-01             290.608           4.000e+01     
  85.000         180.000            3.504e-01          -3.148e+01             122.767           3.475e-01             290.440           4.000e+01     
  84.000         180.000            3.518e-01          -3.145e+01             123.635           3.489e-01             290.266           4.000e+01     
  83.000         180.000            3.549e-01          -3.141e+01             124.489           3.520e-01             290.087           4.000e+01     
  82.000         180.000            3.596e-01          -3.138e+01             125.327           3.567e-01             289.901           4.000e+01     
  81.000         180.000            3.660e-01          -3.134e+01             126.150           3.630e-01             289.709           4.000e+01     
  80.000         180.000            3.739e-01          -3.131e+01             126.958           3.710e-01             289.512           4.000e+01     
  79.000         180.000            3.835e-01          -3.128e+01             127.749           3.805e-01             289.309           4.000e+01     
  78.000         180.000            3.946e-01          -3.124e+01             128.524           3.916e-01             289.101           4.000e+01     
  77.000         180.000            4.073e-01          -3.121e+01             129.283           4.043e-01             288.888           4.000e+01     
  76.000         180.000            4.215e-01          -3.118e+01             130.026           4.185e-01             288.669           4.000e+01     
  75.000         180.000            4.372e-01          -3.116e+01             130.752           4.342e-01             288.446           4.000e+01     
  74.000         180.000            4.544e-01          -3.113e+01             131.462           4.514e-01             288.218           3.966e+01     
  73.000         180.000            4.731e-01          -3.110e+01             132.155           4.700e-01             287.985           3.933e+01     
  72.000         180.000            4.931e-01          -3.108e+01             132.832           4.901e-01             287.749           3.903e+01     
  71.000         180.000            5.145e-01          -3.106e+01             133.492           5.115e-01             287.508           3.874e+01     
  70.000         180.000            5.373e-01          -3.104e+01             134.136           5.343e-01             287.263           3.848e+01     
  69.000         180.000            5.613e-01          -3.102e+01             134.765           5.583e-01             287.015           3.823e+01     
  68.000         180.000            5.867e-01          -3.101e+01             135.377           5.837e-01             286.764           3.799e+01     
  67.000         180.000            6.132e-01          -3.100e+01             135.974           6.102e-01             286.509           3.777e+01     
  66.000         180.000            6.410e-01          -3.099e+01             136.555           6.380e-01             286.252           3.757e+01     
  65.000         180.000            6.698e-01          -3.098e+01             137.121           6.669e-01             285.992           3.738e+01     
  64.000         180.000            6.998e-01          -3.097e+01             137.672           6.968e-01             285.729           3.721e+01     
  63.000         180.000            7.308e-01          -3.097e+01             138.209           7.279e-01             285.465           3.704e+01     
  62.000         180.000            7.628e-01          -3.098e+01             138.731           7.599e-01             285.199           3.689e+01     
  61.000         180.000            7.957e-01          -3.098e+01             139.239           7.928e-01             284.931           3.676e+01     
  60.000         180.000            8.296e-01          -3.099e+01             139.733           8.267e-01             284.662           3.663e+01     
  59.000         180.000            8.642e-01          -3.100e+01             140.214           8.614e-01             284.392           3.652e+01     
  58.000         180.000            8.997e-01          -3.102e+01             140.682           8.969e-01             284.121           3.642e+01     
  57.000         180.000            9.359e-01          -3.103e+01             141.137           9.332e-01             283.850           3.632e+01     
  56.000         180.000            9.728e-01          -3.106e+01             141.579           9.701e-01             283.579           3.624e+01     
  55.000         180.000            1.010e+00          -3.108e+01             142.010           1.008e+00             283.308           3.617e+01     
  54.000         180.000            1.048e+00          -3.112e+01             142.428           1.046e+00             283.037           3.611e+01     
  53.000         180.000            1.087e+00          -3.115e+01             142.836           1.085e+00             282.766           3.606e+01     
  52.000         180.000            1.126e+00          -3.119e+01             143.232           1.124e+00             282.497           3.602e+01     
  51.000         180.000            1.166e+00          -3.123e+01             143.618           1.163e+00             282.228           3.599e+01     
  50.000         180.000            1.206e+00          -3.128e+01             143.993           1.203e+00             281.961           3.597e+01     
  49.000         180.000            1.246e+00          -3.133e+01             144.359           1.243e+00             281.696           3.596e+01     
  48.000         180.000            1.286e+00          -3.139e+01             144.715           1.284e+00             281.432           3.596e+01     
  47.000         180.000            1.327e+00          -3.145e+01             145.061           1.324e+00             281.171           3.596e+01     
  46.000         180.000            1.367e+00          -3.152e+01             145.400           1.365e+00             280.912           3.598e+01     
  45.000         180.000            1.408e+00          -3.160e+01             145.729           1.406e+00             280.655           3.600e+01     
  44.000         180.000            1.449e+00          -3.167e+01             146.051           1.447e+00             280.401           3.604e+01     
  43.000         180.000            1.490e+00          -3.176e+01             146.365           1.488e+00             280.150           3.608e+01     
  42.000         180.000            1.531e+00          -3.185e+01             146.672           1.529e+00             279.902           3.613e+01     
  41.000         180.000            1.571e+00          -3.195e+01             146.972           1.569e+00             279.657           3.619e+01     
  40.000         180.000            1.611e+00          -3.205e+01             147.266           1.610e+00             279.416           3.626e+01     
  39.000         180.000            1.652e+00          -3.216e+01             147.554           1.650e+00             279.179           3.634e+01     
  38.000         180.000            1.691e+00          -3.227e+01             147.836           1.690e+00             278.946           3.642e+01     
  37.000         180.000            1.731e+00          -3.240e+01             148.114           1.729e+00             278.716           3.652e+01     
  36.000         180.000            1.770e+00          -3.253e+01             148.386           1.768e+00             278.491           3.662e+01     
  35.000         180.000            1.808e+00          -3.266e+01             148.655           1.807e+00             278.271           3.674e+01     
  34.000         180.000            1.846e+00          -3.281e+01             148.921           1.845e+00             278.055           3.686e+01     
  33.000         180.000            1.884e+00          -3.296e+01             149.183           1.883e+00             277.843           3.699e+01     
  32.000         180.000            1.921e+00          -3.312e+01             149.443           1.919e+00             277.637           3.714e+01     
  31.000         180.000            1.957e+00          -3.329e+01             149.701           1.956e+00             277.436           3.729e+01     
  30.000         180.000            1.993e+00          -3.347e+01             149.958           1.991e+00             277.239           3.745e+01     
  29.000         180.000            2.028e+00          -3.366e+01             150.214           2.026e+00             277.048           3.762e+01     
  28.000         180.000            2.062e+00          -3.386e+01             150.471           2.060e+00             276.863           3.781e+01     
  27.000         180.000            2.095e+00          -3.407e+01             150.729           2.094e+00             276.683           3.800e+01     
  26.000         180.000            2.127e+00          -3.429e+01             150.988           2.126e+00             276.508           3.821e+01     
  25.000         180.000            2.159e+00          -3.452e+01             151.251           2.158e+00             276.340           3.842e+01     
  24.000         180.000            2.189e+00          -3.477e+01             151.518           2.188e+00             276.177           3.865e+01     
  23.000         180.000            2.219e+00          -3.503e+01             151.791           2.218e+00             276.020           3.890e+01     
  22.000         180.000            2.248e+00          -3.530e+01             152.070           2.247e+00             275.869           3.915e+01     
  21.000         180.000            2.275e+00          -3.558e+01             152.358           2.274e+00             275.724           3.942e+01     
  20.000         180.000            2.302e+00          -3.589e+01             152.656           2.301e+00             275.586           3.971e+01     
  19.000         180.000            2.327e+00          -3.621e+01             152.967           2.326e+00             275.453           4.000e+01     
  18.000         180.000            2.351e+00          -3.654e+01             153.292           2.351e+00             275.327           4.000e+01     
  17.000         180.000            2.374e+00          -3.690e+01             153.636           2.374e+00             275.208           4.000e+01     
  16.000         180.000            2.396e+00          -3.728e+01             154.001           2.396e+00             275.094           4.000e+01     
  15.000         180.000            2.417e+00          -3.768e+01             154.391           2.416e+00             274.988           4.000e+01     
  14.000         180.000            2.436e+00          -3.811e+01             154.812           2.436e+00             274.888           4.000e+01     
  13.000         180.000            2.455e+00          -3.857e+01             155.271           2.454e+00             274.794           4.000e+01     
  12.000         180.000            2.472e+00          -3.906e+01             155.774           2.471e+00             274.707           4.000e+01     
  11.000         180.000            2.487e+00          -3.958e+01             156.332           2.487e+00             274.627           4.000e+01     
  10.000         180.000            2.501e+00          -4.014e+01             156.956           2.501e+00             274.554           4.000e+01     
   9.000         180.000            2.515e+00          -4.074e+01             157.664           2.514e+00             274.487           4.000e+01     
   8.000         180.000            2.526e+00          -4.140e+01             158.476           2.526e+00             274.427           4.000e+01     
   7.000         180.000            2.536e+00          -4.211e+01             159.421           2.536e+00             274.374           4.000e+01     
   6.000         180.000            2.545e+00          -4.289e+01             160.538           2.545e+00             274.328           4.000e+01     
   5.000         180.000            2.553e+00          -4.375e+01             161.883           2.553e+00             274.289           4.000e+01     
   4.000         180.000            2.559e+00          -4.471e+01             163.537           2.559e+00             274.256           4.000e+01     
   3.000         180.000            2.564e+00          -4.578e+01             165.623           2.564e+00             274.231           4.000e+01     
   2.000         180.000            2.567e+00          -4.698e+01             168.332           2.567e+00             274.212           4.000e+01     
   1.000         180.000            2.569e+00          -4.836e+01             171.981           2.569e+00             274.201           4.000e+01     
