Theta[deg.]      Phi[deg.]       Abs(Gain)[dBi]      Abs(Theta)[dBi]    Phase(Theta)[deg.]    Abs(Phi)[dBi]      Phase(Phi)[deg.]      Ax.Ratio[dB]    
   0.000          90.000            2.570e+00           2.570e+00              94.196          -4.995e+01             177.120           4.000e+01     
   1.000          90.000            2.656e+00           2.656e+00              94.488          -5.025e+01             178.878           4.000e+01     
   2.000          90.000            2.738e+00           2.738e+00              94.776          -5.055e+01             180.757           4.000e+01     
   3.000          90.000            2.815e+00           2.815e+00              95.060          -5.086e+01             182.770           4.000e+01     
   4.000          90.000            2.887e+00           2.887e+00              95.341          -5.116e+01             184.924           4.000e+01     
   5.000          90.000            2.955e+00           2.955e+00              95.618          -5.147e+01             187.228           4.000e+01     
   6.000          90.000            3.018e+00           3.018e+00              95.891          -5.177e+01             189.688           4.000e+01     
   7.000          90.000            3.077e+00           3.077e+00              96.162          -5.206e+01             192.309           4.000e+01     
   8.000          90.000            3.131e+00           3.131e+00              96.429          -5.235e+01             195.096           4.000e+01     
   9.000          90.000            3.180e+00           3.180e+00              96.693          -5.262e+01             198.050           4.000e+01     
  10.000          90.000            3.225e+00           3.225e+00              96.954          -5.288e+01             201.168           4.000e+01     
  11.000          90.000            3.265e+00           3.265e+00              97.212          -5.312e+01             204.444           4.000e+01     
  12.000          90.000            3.300e+00           3.300e+00              97.467          -5.333e+01             207.868           4.000e+01     
  13.000          90.000            3.331e+00           3.331e+00              97.719          -5.352e+01             211.423           4.000e+01     
  14.000          90.000            3.356e+00           3.356e+00              97.969          -5.368e+01             215.090           4.000e+01     
  15.000          90.000            3.378e+00           3.378e+00              98.215          -5.381e+01             218.841           4.000e+01     
  16.000          90.000            3.394e+00           3.394e+00              98.459          -5.390e+01             222.648           4.000e+01     
  17.000          90.000            3.406e+00           3.406e+00              98.699          -5.396e+01             226.479           4.000e+01     
  18.000          90.000            3.413e+00           3.413e+00              98.937          -5.398e+01             230.299           4.000e+01     
  19.000          90.000            3.416e+00           3.416e+00              99.173          -5.396e+01             234.078           4.000e+01     
  20.000          90.000            3.413e+00           3.413e+00              99.406          -5.392e+01             237.783           4.000e+01     
  21.000          90.000            3.406e+00           3.406e+00              99.636          -5.384e+01             241.389           4.000e+01     
  22.000          90.000            3.394e+00           3.394e+00              99.863          -5.373e+01             244.874           4.000e+01     
  23.000          90.000            3.378e+00           3.378e+00             100.088          -5.361e+01             248.219           4.000e+01     
  24.000          90.000            3.356e+00           3.356e+00             100.310          -5.346e+01             251.415           4.000e+01     
  25.000          90.000            3.330e+00           3.330e+00             100.529          -5.329e+01             254.452           4.000e+01     
  26.000          90.000            3.299e+00           3.298e+00             100.746          -5.311e+01             257.328           4.000e+01     
  27.000          90.000            3.262e+00           3.262e+00             100.960          -5.292e+01             260.044           4.000e+01     
  28.000          90.000            3.221e+00           3.221e+00             101.172          -5.272e+01             262.602           4.000e+01     
  29.000          90.000            3.175e+00           3.175e+00             101.381          -5.252e+01             265.008           4.000e+01     
  30.000          90.000            3.125e+00           3.125e+00             101.587          -5.232e+01             267.269           4.000e+01     
  31.000          90.000            3.069e+00           3.069e+00             101.791          -5.211e+01             269.391           4.000e+01     
  32.000          90.000            3.008e+00           3.008e+00             101.991          -5.191e+01             271.384           4.000e+01     
  33.000          90.000            2.942e+00           2.942e+00             102.189          -5.170e+01             273.255           4.000e+01     
  34.000          90.000            2.870e+00           2.870e+00             102.384          -5.150e+01             275.013           4.000e+01     
  35.000          90.000            2.794e+00           2.794e+00             102.576          -5.131e+01             276.666           4.000e+01     
  36.000          90.000            2.712e+00           2.712e+00             102.766          -5.112e+01             278.221           4.000e+01     
  37.000          90.000            2.625e+00           2.625e+00             102.952          -5.093e+01             279.685           4.000e+01     
  38.000          90.000            2.533e+00           2.533e+00             103.135          -5.075e+01             281.066           4.000e+01     
  39.000          90.000            2.435e+00           2.435e+00             103.315          -5.058e+01             282.370           4.000e+01     
  40.000          90.000            2.331e+00           2.331e+00             103.491          -5.041e+01             283.602           4.000e+01     
  41.000          90.000            2.222e+00           2.222e+00             103.664          -5.025e+01             284.769           4.000e+01     
  42.000          90.000            2.108e+00           2.108e+00             103.834          -5.009e+01             285.875           4.000e+01     
  43.000          90.000            1.987e+00           1.987e+00             104.000          -4.994e+01             286.925           4.000e+01     
  44.000          90.000            1.860e+00           1.860e+00             104.162          -4.980e+01             287.922           4.000e+01     
  45.000          90.000            1.728e+00           1.728e+00             104.320          -4.966e+01             288.872           4.000e+01     
  46.000          90.000            1.589e+00           1.589e+00             104.475          -4.952e+01             289.777           4.000e+01     
  47.000          90.000            1.444e+00           1.444e+00             104.625          -4.940e+01             290.641           4.000e+01     
  48.000          90.000            1.292e+00           1.292e+00             104.770          -4.927e+01             291.466           4.000e+01     
  49.000          90.000            1.133e+00           1.133e+00             104.911          -4.916e+01             292.256           4.000e+01     
  50.000          90.000            9.681e-01           9.681e-01             105.047          -4.905e+01             293.013           4.000e+01     
  51.000          90.000            7.957e-01           7.957e-01             105.178          -4.894e+01             293.739           4.000e+01     
  52.000          90.000            6.159e-01           6.159e-01             105.303          -4.884e+01             294.436           4.000e+01     
  53.000          90.000            4.286e-01           4.285e-01             105.423          -4.874e+01             295.107           4.000e+01     
  54.000          90.000            2.334e-01           2.333e-01             105.536          -4.865e+01             295.753           4.000e+01     
  55.000          90.000            3.001e-02           2.995e-02             105.643          -4.856e+01             296.375           4.000e+01     
  56.000          90.000           -1.818e-01          -1.819e-01             105.743          -4.847e+01             296.975           4.000e+01     
  57.000          90.000           -4.026e-01          -4.026e-01             105.836          -4.839e+01             297.555           4.000e+01     
  58.000          90.000           -6.325e-01          -6.326e-01             105.920          -4.832e+01             298.115           4.000e+01     
  59.000          90.000           -8.722e-01          -8.723e-01             105.996          -4.825e+01             298.658           4.000e+01     
  60.000          90.000           -1.122e+00          -1.122e+00             106.063          -4.818e+01             299.183           4.000e+01     
  61.000          90.000           -1.383e+00          -1.383e+00             106.119          -4.811e+01             299.692           4.000e+01     
  62.000          90.000           -1.655e+00          -1.655e+00             106.165          -4.805e+01             300.187           4.000e+01     
  63.000          90.000           -1.939e+00          -1.939e+00             106.198          -4.799e+01             300.666           4.000e+01     
  64.000          90.000           -2.235e+00          -2.235e+00             106.219          -4.793e+01             301.132           4.000e+01     
  65.000          90.000           -2.546e+00          -2.546e+00             106.224          -4.788e+01             301.586           4.000e+01     
  66.000          90.000           -2.871e+00          -2.871e+00             106.214          -4.783e+01             302.027           4.000e+01     
  67.000          90.000           -3.211e+00          -3.211e+00             106.186          -4.778e+01             302.456           4.000e+01     
  68.000          90.000           -3.568e+00          -3.569e+00             106.137          -4.773e+01             302.874           4.000e+01     
  69.000          90.000           -3.944e+00          -3.944e+00             106.066          -4.769e+01             303.282           4.000e+01     
  70.000          90.000           -4.339e+00          -4.339e+00             105.970          -4.765e+01             303.679           4.000e+01     
  71.000          90.000           -4.756e+00          -4.756e+00             105.844          -4.761e+01             304.067           4.000e+01     
  72.000          90.000           -5.197e+00          -5.197e+00             105.684          -4.757e+01             304.446           4.000e+01     
  73.000          90.000           -5.663e+00          -5.664e+00             105.485          -4.753e+01             304.815           4.000e+01     
  74.000          90.000           -6.159e+00          -6.159e+00             105.241          -4.750e+01             305.176           4.000e+01     
  75.000          90.000           -6.687e+00          -6.687e+00             104.942          -4.746e+01             305.528           4.000e+01     
  76.000          90.000           -7.251e+00          -7.251e+00             104.577          -4.743e+01             305.872           4.000e+01     
  77.000          90.000           -7.856e+00          -7.857e+00             104.135          -4.740e+01             306.208           4.000e+01     
  78.000          90.000           -8.509e+00          -8.509e+00             103.595          -4.737e+01             306.536           4.000e+01     
  79.000          90.000           -9.215e+00          -9.216e+00             102.934          -4.734e+01             306.857           4.000e+01     
  80.000          90.000           -9.985e+00          -9.986e+00             102.118          -4.732e+01             307.171           4.000e+01     
  81.000          90.000           -1.083e+01          -1.083e+01             101.101          -4.729e+01             307.477           4.000e+01     
  82.000          90.000           -1.176e+01          -1.176e+01              99.816          -4.727e+01             307.776           4.000e+01     
  83.000          90.000           -1.280e+01          -1.280e+01              98.161          -4.725e+01             308.068           4.000e+01     
  84.000          90.000           -1.397e+01          -1.398e+01              95.979          -4.722e+01             308.353           3.867e+01     
  85.000          90.000           -1.531e+01          -1.531e+01              93.014          -4.720e+01             308.631           3.659e+01     
  86.000          90.000           -1.685e+01          -1.686e+01              88.820          -4.718e+01             308.902           3.415e+01     
  87.000          90.000           -1.864e+01          -1.865e+01              82.590          -4.716e+01             309.166           3.130e+01     
  88.000          90.000           -2.068e+01          -2.069e+01              72.792          -4.714e+01             309.424           2.802e+01     
  89.000          90.000           -2.278e+01          -2.280e+01              56.762          -4.712e+01             309.675           2.472e+01     
  90.000          90.000           -2.416e+01          -2.419e+01              32.286          -4.711e+01             309.918           2.300e+01     
  91.000          90.000           -2.371e+01          -2.373e+01               4.776          -4.709e+01             310.156           2.514e+01     
  92.000          90.000           -2.185e+01          -2.187e+01             344.086          -4.707e+01             310.386           3.034e+01     
  93.000          90.000           -1.973e+01          -1.973e+01             331.245          -4.706e+01             310.609           3.640e+01     
  94.000          90.000           -1.779e+01          -1.780e+01             323.290          -4.705e+01             310.826           4.000e+01     
  95.000          90.000           -1.612e+01          -1.612e+01             318.087          -4.703e+01             311.035           4.000e+01     
  96.000          90.000           -1.467e+01          -1.467e+01             314.489          -4.702e+01             311.238           4.000e+01     
  97.000          90.000           -1.341e+01          -1.341e+01             311.882          -4.701e+01             311.433           4.000e+01     
  98.000          90.000           -1.229e+01          -1.230e+01             309.921          -4.700e+01             311.621           4.000e+01     
  99.000          90.000           -1.130e+01          -1.130e+01             308.401          -4.699e+01             311.802           4.000e+01     
 100.000          90.000           -1.041e+01          -1.041e+01             307.195          -4.698e+01             311.975           4.000e+01     
 101.000          90.000           -9.594e+00          -9.595e+00             306.218          -4.697e+01             312.141           4.000e+01     
 102.000          90.000           -8.850e+00          -8.851e+00             305.413          -4.696e+01             312.299           4.000e+01     
 103.000          90.000           -8.166e+00          -8.166e+00             304.740          -4.695e+01             312.450           4.000e+01     
 104.000          90.000           -7.532e+00          -7.532e+00             304.172          -4.695e+01             312.592           4.000e+01     
 105.000          90.000           -6.942e+00          -6.942e+00             303.686          -4.694e+01             312.727           4.000e+01     
 106.000          90.000           -6.391e+00          -6.391e+00             303.267          -4.694e+01             312.853           4.000e+01     
 107.000          90.000           -5.874e+00          -5.874e+00             302.901          -4.694e+01             312.971           4.000e+01     
 108.000          90.000           -5.388e+00          -5.388e+00             302.581          -4.694e+01             313.081           4.000e+01     
 109.000          90.000           -4.929e+00          -4.929e+00             302.297          -4.694e+01             313.182           4.000e+01     
 110.000          90.000           -4.495e+00          -4.496e+00             302.045          -4.694e+01             313.274           4.000e+01     
 111.000          90.000           -4.084e+00          -4.084e+00             301.818          -4.694e+01             313.357           4.000e+01     
 112.000          90.000           -3.694e+00          -3.694e+00             301.614          -4.695e+01             313.431           4.000e+01     
 113.000          90.000           -3.322e+00          -3.322e+00             301.428          -4.696e+01             313.496           4.000e+01     
 114.000          90.000           -2.968e+00          -2.968e+00             301.258          -4.697e+01             313.551           4.000e+01     
 115.000          90.000           -2.630e+00          -2.630e+00             301.101          -4.698e+01             313.597           4.000e+01     
 116.000          90.000           -2.307e+00          -2.307e+00             300.956          -4.699e+01             313.632           4.000e+01     
 117.000          90.000           -1.998e+00          -1.998e+00             300.821          -4.700e+01             313.658           4.000e+01     
 118.000          90.000           -1.702e+00          -1.703e+00             300.694          -4.702e+01             313.672           4.000e+01     
 119.000          90.000           -1.419e+00          -1.419e+00             300.574          -4.704e+01             313.676           4.000e+01     
 120.000          90.000           -1.147e+00          -1.147e+00             300.461          -4.706e+01             313.669           4.000e+01     
 121.000          90.000           -8.860e-01          -8.861e-01             300.352          -4.709e+01             313.651           4.000e+01     
 122.000          90.000           -6.354e-01          -6.355e-01             300.247          -4.711e+01             313.621           4.000e+01     
 123.000          90.000           -3.946e-01          -3.946e-01             300.146          -4.714e+01             313.579           4.000e+01     
 124.000          90.000           -1.631e-01          -1.632e-01             300.047          -4.718e+01             313.525           4.000e+01     
 125.000          90.000            5.939e-02           5.931e-02             299.951          -4.721e+01             313.458           4.000e+01     
 126.000          90.000            2.733e-01           2.733e-01             299.857          -4.725e+01             313.377           4.000e+01     
 127.000          90.000            4.791e-01           4.790e-01             299.763          -4.730e+01             313.284           4.000e+01     
 128.000          90.000            6.770e-01           6.769e-01             299.671          -4.734e+01             313.176           4.000e+01     
 129.000          90.000            8.673e-01           8.672e-01             299.579          -4.739e+01             313.053           4.000e+01     
 130.000          90.000            1.050e+00           1.050e+00             299.487          -4.745e+01             312.916           4.000e+01     
 131.000          90.000            1.226e+00           1.226e+00             299.394          -4.751e+01             312.763           4.000e+01     
 132.000          90.000            1.395e+00           1.395e+00             299.302          -4.757e+01             312.593           4.000e+01     
 133.000          90.000            1.558e+00           1.558e+00             299.208          -4.764e+01             312.406           4.000e+01     
 134.000          90.000            1.714e+00           1.713e+00             299.114          -4.771e+01             312.201           4.000e+01     
 135.000          90.000            1.863e+00           1.863e+00             299.018          -4.778e+01             311.978           4.000e+01     
 136.000          90.000            2.007e+00           2.007e+00             298.921          -4.787e+01             311.735           4.000e+01     
 137.000          90.000            2.144e+00           2.144e+00             298.822          -4.795e+01             311.472           4.000e+01     
 138.000          90.000            2.276e+00           2.276e+00             298.721          -4.804e+01             311.186           4.000e+01     
 139.000          90.000            2.402e+00           2.402e+00             298.619          -4.814e+01             310.878           4.000e+01     
 140.000          90.000            2.522e+00           2.522e+00             298.515          -4.825e+01             310.546           4.000e+01     
 141.000          90.000            2.637e+00           2.637e+00             298.408          -4.836e+01             310.188           4.000e+01     
 142.000          90.000            2.746e+00           2.746e+00             298.299          -4.847e+01             309.803           4.000e+01     
 143.000          90.000            2.850e+00           2.850e+00             298.187          -4.859e+01             309.389           4.000e+01     
 144.000          90.000            2.949e+00           2.949e+00             298.073          -4.872e+01             308.944           4.000e+01     
 145.000          90.000            3.043e+00           3.043e+00             297.957          -4.886e+01             308.466           4.000e+01     
 146.000          90.000            3.131e+00           3.131e+00             297.837          -4.900e+01             307.953           4.000e+01     
 147.000          90.000            3.215e+00           3.215e+00             297.715          -4.916e+01             307.402           4.000e+01     
 148.000          90.000            3.293e+00           3.293e+00             297.590          -4.931e+01             306.811           4.000e+01     
 149.000          90.000            3.367e+00           3.367e+00             297.461          -4.948e+01             306.175           4.000e+01     
 150.000          90.000            3.435e+00           3.435e+00             297.330          -4.966e+01             305.492           4.000e+01     
 151.000          90.000            3.499e+00           3.499e+00             297.195          -4.984e+01             304.757           4.000e+01     
 152.000          90.000            3.558e+00           3.558e+00             297.057          -5.004e+01             303.967           4.000e+01     
 153.000          90.000            3.612e+00           3.612e+00             296.916          -5.024e+01             303.116           4.000e+01     
 154.000          90.000            3.662e+00           3.662e+00             296.772          -5.045e+01             302.198           4.000e+01     
 155.000          90.000            3.706e+00           3.706e+00             296.624          -5.067e+01             301.208           4.000e+01     
 156.000          90.000            3.746e+00           3.746e+00             296.472          -5.090e+01             300.138           4.000e+01     
 157.000          90.000            3.782e+00           3.782e+00             296.317          -5.115e+01             298.981           4.000e+01     
 158.000          90.000            3.812e+00           3.812e+00             296.159          -5.140e+01             297.728           4.000e+01     
 159.000          90.000            3.838e+00           3.838e+00             295.996          -5.166e+01             296.370           4.000e+01     
 160.000          90.000            3.860e+00           3.860e+00             295.830          -5.193e+01             294.895           4.000e+01     
 161.000          90.000            3.877e+00           3.877e+00             295.660          -5.221e+01             293.292           4.000e+01     
 162.000          90.000            3.889e+00           3.889e+00             295.487          -5.250e+01             291.547           4.000e+01     
 163.000          90.000            3.897e+00           3.897e+00             295.309          -5.280e+01             289.646           4.000e+01     
 164.000          90.000            3.900e+00           3.900e+00             295.127          -5.310e+01             287.573           4.000e+01     
 165.000          90.000            3.898e+00           3.898e+00             294.942          -5.341e+01             285.312           4.000e+01     
 166.000          90.000            3.893e+00           3.893e+00             294.752          -5.372e+01             282.845           4.000e+01     
 167.000          90.000            3.882e+00           3.882e+00             294.559          -5.403e+01             280.156           4.000e+01     
 168.000          90.000            3.867e+00           3.867e+00             294.361          -5.434e+01             277.227           4.000e+01     
 169.000          90.000            3.848e+00           3.848e+00             294.159          -5.464e+01             274.043           4.000e+01     
 170.000          90.000            3.824e+00           3.824e+00             293.953          -5.492e+01             270.596           4.000e+01     
 171.000          90.000            3.796e+00           3.796e+00             293.742          -5.518e+01             266.879           4.000e+01     
 172.000          90.000            3.763e+00           3.763e+00             293.528          -5.542e+01             262.897           4.000e+01     
 173.000          90.000            3.726e+00           3.726e+00             293.308          -5.562e+01             258.664           4.000e+01     
 174.000          90.000            3.684e+00           3.684e+00             293.085          -5.578e+01             254.208           4.000e+01     
 175.000          90.000            3.638e+00           3.638e+00             292.857          -5.589e+01             249.570           4.000e+01     
 176.000          90.000            3.587e+00           3.587e+00             292.625          -5.595e+01             244.804           4.000e+01     
 177.000          90.000            3.532e+00           3.532e+00             292.388          -5.594e+01             239.974           4.000e+01     
 178.000          90.000            3.473e+00           3.473e+00             292.146          -5.588e+01             235.148           4.000e+01     
 179.000          90.000            3.409e+00           3.409e+00             291.900          -5.575e+01             230.396           4.000e+01     
 180.000          90.000            3.340e+00           3.340e+00             291.649          -5.558e+01             225.773           4.000e+01     
 179.000         270.000            3.268e+00           3.268e+00             111.394          -5.535e+01              41.346           4.000e+01     
 178.000         270.000            3.190e+00           3.190e+00             111.134          -5.508e+01              37.145           4.000e+01     
 177.000         270.000            3.109e+00           3.109e+00             110.869          -5.478e+01              33.198           4.000e+01     
 176.000         270.000            3.023e+00           3.023e+00             110.600          -5.445e+01              29.516           4.000e+01     
 175.000         270.000            2.932e+00           2.932e+00             110.326          -5.411e+01              26.101           4.000e+01     
 174.000         270.000            2.837e+00           2.837e+00             110.046          -5.375e+01              22.949           4.000e+01     
 173.000         270.000            2.738e+00           2.738e+00             109.763          -5.338e+01              20.048           4.000e+01     
 172.000         270.000            2.635e+00           2.635e+00             109.474          -5.301e+01              17.383           4.000e+01     
 171.000         270.000            2.527e+00           2.527e+00             109.180          -5.264e+01              14.937           4.000e+01     
 170.000         270.000            2.414e+00           2.414e+00             108.881          -5.227e+01              12.693           4.000e+01     
 169.000         270.000            2.297e+00           2.297e+00             108.578          -5.191e+01              10.634           4.000e+01     
 168.000         270.000            2.176e+00           2.176e+00             108.269          -5.155e+01               8.742           4.000e+01     
 167.000         270.000            2.051e+00           2.051e+00             107.956          -5.121e+01               7.003           4.000e+01     
 166.000         270.000            1.921e+00           1.921e+00             107.637          -5.087e+01               5.402           4.000e+01     
 165.000         270.000            1.787e+00           1.787e+00             107.314          -5.054e+01               3.926           4.000e+01     
 164.000         270.000            1.649e+00           1.649e+00             106.985          -5.022e+01               2.564           4.000e+01     
 163.000         270.000            1.506e+00           1.506e+00             106.652          -4.991e+01               1.304           4.000e+01     
 162.000         270.000            1.359e+00           1.359e+00             106.314          -4.961e+01               0.137           4.000e+01     
 161.000         270.000            1.208e+00           1.208e+00             105.970          -4.932e+01             359.054           4.000e+01     
 160.000         270.000            1.052e+00           1.052e+00             105.622          -4.905e+01             358.048           4.000e+01     
 159.000         270.000            8.924e-01           8.924e-01             105.269          -4.878e+01             357.112           4.000e+01     
 158.000         270.000            7.283e-01           7.283e-01             104.911          -4.852e+01             356.240           4.000e+01     
 157.000         270.000            5.600e-01           5.600e-01             104.549          -4.827e+01             355.426           4.000e+01     
 156.000         270.000            3.875e-01           3.874e-01             104.181          -4.803e+01             354.665           4.000e+01     
 155.000         270.000            2.107e-01           2.106e-01             103.809          -4.779e+01             353.953           4.000e+01     
 154.000         270.000            2.974e-02           2.966e-02             103.432          -4.757e+01             353.286           4.000e+01     
 153.000         270.000           -1.554e-01          -1.555e-01             103.051          -4.735e+01             352.660           4.000e+01     
 152.000         270.000           -3.448e-01          -3.449e-01             102.665          -4.715e+01             352.072           4.000e+01     
 151.000         270.000           -5.383e-01          -5.384e-01             102.276          -4.695e+01             351.519           4.000e+01     
 150.000         270.000           -7.360e-01          -7.361e-01             101.881          -4.675e+01             350.998           4.000e+01     
 149.000         270.000           -9.378e-01          -9.379e-01             101.483          -4.657e+01             350.507           4.000e+01     
 148.000         270.000           -1.144e+00          -1.144e+00             101.082          -4.639e+01             350.044           4.000e+01     
 147.000         270.000           -1.354e+00          -1.354e+00             100.676          -4.622e+01             349.607           4.000e+01     
 146.000         270.000           -1.568e+00          -1.568e+00             100.267          -4.605e+01             349.194           4.000e+01     
 145.000         270.000           -1.786e+00          -1.787e+00              99.855          -4.590e+01             348.804           4.000e+01     
 144.000         270.000           -2.009e+00          -2.009e+00              99.440          -4.574e+01             348.434           4.000e+01     
 143.000         270.000           -2.236e+00          -2.236e+00              99.022          -4.560e+01             348.083           4.000e+01     
 142.000         270.000           -2.466e+00          -2.466e+00              98.602          -4.546e+01             347.750           4.000e+01     
 141.000         270.000           -2.701e+00          -2.701e+00              98.180          -4.532e+01             347.435           4.000e+01     
 140.000         270.000           -2.940e+00          -2.940e+00              97.756          -4.519e+01             347.135           4.000e+01     
 139.000         270.000           -3.183e+00          -3.183e+00              97.331          -4.506e+01             346.850           4.000e+01     
 138.000         270.000           -3.431e+00          -3.431e+00              96.906          -4.494e+01             346.578           4.000e+01     
 137.000         270.000           -3.682e+00          -3.682e+00              96.480          -4.483e+01             346.320           4.000e+01     
 136.000         270.000           -3.938e+00          -3.938e+00              96.054          -4.472e+01             346.073           4.000e+01     
 135.000         270.000           -4.198e+00          -4.198e+00              95.629          -4.461e+01             345.837           4.000e+01     
 134.000         270.000           -4.462e+00          -4.462e+00              95.205          -4.451e+01             345.612           4.000e+01     
 133.000         270.000           -4.730e+00          -4.731e+00              94.783          -4.441e+01             345.397           4.000e+01     
 132.000         270.000           -5.003e+00          -5.004e+00              94.364          -4.431e+01             345.191           3.981e+01     
 131.000         270.000           -5.280e+00          -5.281e+00              93.949          -4.422e+01             344.993           3.943e+01     
 130.000         270.000           -5.562e+00          -5.563e+00              93.538          -4.414e+01             344.803           3.905e+01     
 129.000         270.000           -5.849e+00          -5.849e+00              93.132          -4.405e+01             344.621           3.866e+01     
 128.000         270.000           -6.140e+00          -6.141e+00              92.732          -4.397e+01             344.445           3.828e+01     
 127.000         270.000           -6.436e+00          -6.437e+00              92.340          -4.389e+01             344.276           3.790e+01     
 126.000         270.000           -6.737e+00          -6.738e+00              91.956          -4.382e+01             344.112           3.751e+01     
 125.000         270.000           -7.043e+00          -7.044e+00              91.582          -4.375e+01             343.953           3.712e+01     
 124.000         270.000           -7.354e+00          -7.355e+00              91.218          -4.368e+01             343.800           3.673e+01     
 123.000         270.000           -7.671e+00          -7.672e+00              90.868          -4.362e+01             343.651           3.634e+01     
 122.000         270.000           -7.993e+00          -7.994e+00              90.531          -4.355e+01             343.505           3.595e+01     
 121.000         270.000           -8.322e+00          -8.323e+00              90.209          -4.349e+01             343.364           3.555e+01     
 120.000         270.000           -8.656e+00          -8.658e+00              89.906          -4.343e+01             343.225           3.515e+01     
 119.000         270.000           -8.997e+00          -8.999e+00              89.621          -4.338e+01             343.090           3.475e+01     
 118.000         270.000           -9.345e+00          -9.347e+00              89.359          -4.332e+01             342.957           3.434e+01     
 117.000         270.000           -9.700e+00          -9.702e+00              89.120          -4.327e+01             342.826           3.393e+01     
 116.000         270.000           -1.006e+01          -1.007e+01              88.908          -4.322e+01             342.697           3.351e+01     
 115.000         270.000           -1.043e+01          -1.044e+01              88.726          -4.318e+01             342.570           3.309e+01     
 114.000         270.000           -1.081e+01          -1.082e+01              88.576          -4.313e+01             342.444           3.266e+01     
 113.000         270.000           -1.120e+01          -1.121e+01              88.463          -4.309e+01             342.318           3.223e+01     
 112.000         270.000           -1.160e+01          -1.160e+01              88.390          -4.305e+01             342.194           3.179e+01     
 111.000         270.000           -1.201e+01          -1.201e+01              88.362          -4.300e+01             342.070           3.135e+01     
 110.000         270.000           -1.243e+01          -1.244e+01              88.384          -4.297e+01             341.947           3.089e+01     
 109.000         270.000           -1.287e+01          -1.287e+01              88.462          -4.293e+01             341.823           3.043e+01     
 108.000         270.000           -1.331e+01          -1.332e+01              88.603          -4.289e+01             341.699           2.996e+01     
 107.000         270.000           -1.378e+01          -1.378e+01              88.815          -4.286e+01             341.575           2.948e+01     
 106.000         270.000           -1.425e+01          -1.426e+01              89.106          -4.282e+01             341.450           2.899e+01     
 105.000         270.000           -1.475e+01          -1.476e+01              89.488          -4.279e+01             341.324           2.848e+01     
 104.000         270.000           -1.527e+01          -1.527e+01              89.974          -4.276e+01             341.198           2.797e+01     
 103.000         270.000           -1.580e+01          -1.581e+01              90.580          -4.273e+01             341.070           2.744e+01     
 102.000         270.000           -1.636e+01          -1.637e+01              91.324          -4.270e+01             340.941           2.689e+01     
 101.000         270.000           -1.695e+01          -1.696e+01              92.230          -4.268e+01             340.811           2.634e+01     
 100.000         270.000           -1.756e+01          -1.758e+01              93.327          -4.265e+01             340.680           2.577e+01     
  99.000         270.000           -1.821e+01          -1.822e+01              94.653          -4.262e+01             340.547           2.520e+01     
  98.000         270.000           -1.889e+01          -1.891e+01              96.253          -4.260e+01             340.413           2.461e+01     
  97.000         270.000           -1.960e+01          -1.963e+01              98.187          -4.258e+01             340.276           2.403e+01     
  96.000         270.000           -2.036e+01          -2.039e+01             100.532          -4.255e+01             340.139           2.347e+01     
  95.000         270.000           -2.115e+01          -2.118e+01             103.389          -4.253e+01             339.999           2.293e+01     
  94.000         270.000           -2.198e+01          -2.202e+01             106.886          -4.251e+01             339.858           2.247e+01     
  93.000         270.000           -2.285e+01          -2.289e+01             111.188          -4.249e+01             339.715           2.215e+01     
  92.000         270.000           -2.372e+01          -2.378e+01             116.495          -4.247e+01             339.571           2.206e+01     
  91.000         270.000           -2.458e+01          -2.465e+01             123.029          -4.245e+01             339.425           2.243e+01     
  90.000         270.000           -2.537e+01          -2.546e+01             130.987          -4.243e+01             339.277           2.360e+01     
  89.000         270.000           -2.601e+01          -2.611e+01             140.429          -4.242e+01             339.128           2.637e+01     
  88.000         270.000           -2.641e+01          -2.652e+01             151.126          -4.240e+01             338.977           3.339e+01     
  87.000         270.000           -2.649e+01          -2.661e+01             162.468          -4.238e+01             338.825           3.994e+01     
  86.000         270.000           -2.625e+01          -2.635e+01             173.599          -4.237e+01             338.672           2.800e+01     
  85.000         270.000           -2.572e+01          -2.581e+01             183.760          -4.235e+01             338.517           2.410e+01     
  84.000         270.000           -2.500e+01          -2.508e+01             192.545          -4.234e+01             338.361           2.238e+01     
  83.000         270.000           -2.417e+01          -2.424e+01             199.898          -4.233e+01             338.205           2.171e+01     
  82.000         270.000           -2.331e+01          -2.336e+01             205.969          -4.232e+01             338.047           2.159e+01     
  81.000         270.000           -2.245e+01          -2.249e+01             210.975          -4.230e+01             337.890           2.179e+01     
  80.000         270.000           -2.161e+01          -2.165e+01             215.131          -4.229e+01             337.731           2.216e+01     
  79.000         270.000           -2.081e+01          -2.084e+01             218.618          -4.228e+01             337.573           2.262e+01     
  78.000         270.000           -2.005e+01          -2.007e+01             221.579          -4.228e+01             337.414           2.313e+01     
  77.000         270.000           -1.932e+01          -1.935e+01             224.127          -4.227e+01             337.256           2.366e+01     
  76.000         270.000           -1.864e+01          -1.866e+01             226.347          -4.226e+01             337.098           2.419e+01     
  75.000         270.000           -1.798e+01          -1.800e+01             228.306          -4.225e+01             336.940           2.473e+01     
  74.000         270.000           -1.736e+01          -1.738e+01             230.054          -4.225e+01             336.784           2.525e+01     
  73.000         270.000           -1.677e+01          -1.679e+01             231.632          -4.225e+01             336.628           2.576e+01     
  72.000         270.000           -1.621e+01          -1.622e+01             233.071          -4.224e+01             336.474           2.626e+01     
  71.000         270.000           -1.567e+01          -1.568e+01             234.394          -4.224e+01             336.322           2.675e+01     
  70.000         270.000           -1.515e+01          -1.516e+01             235.622          -4.224e+01             336.171           2.723e+01     
  69.000         270.000           -1.465e+01          -1.466e+01             236.771          -4.224e+01             336.023           2.769e+01     
  68.000         270.000           -1.417e+01          -1.418e+01             237.852          -4.224e+01             335.877           2.815e+01     
  67.000         270.000           -1.371e+01          -1.372e+01             238.876          -4.224e+01             335.733           2.859e+01     
  66.000         270.000           -1.326e+01          -1.327e+01             239.852          -4.225e+01             335.593           2.902e+01     
  65.000         270.000           -1.283e+01          -1.283e+01             240.787          -4.225e+01             335.455           2.945e+01     
  64.000         270.000           -1.240e+01          -1.241e+01             241.685          -4.226e+01             335.322           2.987e+01     
  63.000         270.000           -1.199e+01          -1.200e+01             242.552          -4.227e+01             335.192           3.028e+01     
  62.000         270.000           -1.159e+01          -1.160e+01             243.392          -4.228e+01             335.066           3.068e+01     
  61.000         270.000           -1.120e+01          -1.121e+01             244.207          -4.229e+01             334.945           3.108e+01     
  60.000         270.000           -1.082e+01          -1.083e+01             245.001          -4.230e+01             334.829           3.148e+01     
  59.000         270.000           -1.045e+01          -1.045e+01             245.775          -4.232e+01             334.718           3.187e+01     
  58.000         270.000           -1.009e+01          -1.009e+01             246.532          -4.234e+01             334.612           3.225e+01     
  57.000         270.000           -9.731e+00          -9.733e+00             247.272          -4.235e+01             334.512           3.263e+01     
  56.000         270.000           -9.382e+00          -9.384e+00             247.998          -4.238e+01             334.418           3.301e+01     
  55.000         270.000           -9.039e+00          -9.041e+00             248.709          -4.240e+01             334.330           3.338e+01     
  54.000         270.000           -8.703e+00          -8.705e+00             249.408          -4.242e+01             334.249           3.375e+01     
  53.000         270.000           -8.373e+00          -8.374e+00             250.094          -4.245e+01             334.175           3.412e+01     
  52.000         270.000           -8.048e+00          -8.050e+00             250.768          -4.248e+01             334.109           3.449e+01     
  51.000         270.000           -7.730e+00          -7.731e+00             251.431          -4.251e+01             334.050           3.486e+01     
  50.000         270.000           -7.416e+00          -7.417e+00             252.083          -4.255e+01             333.999           3.522e+01     
  49.000         270.000           -7.108e+00          -7.109e+00             252.724          -4.259e+01             333.957           3.558e+01     
  48.000         270.000           -6.805e+00          -6.806e+00             253.355          -4.263e+01             333.924           3.594e+01     
  47.000         270.000           -6.506e+00          -6.507e+00             253.976          -4.267e+01             333.900           3.630e+01     
  46.000         270.000           -6.213e+00          -6.214e+00             254.588          -4.272e+01             333.885           3.665e+01     
  45.000         270.000           -5.924e+00          -5.925e+00             255.189          -4.276e+01             333.880           3.701e+01     
  44.000         270.000           -5.640e+00          -5.640e+00             255.781          -4.282e+01             333.886           3.736e+01     
  43.000         270.000           -5.360e+00          -5.360e+00             256.363          -4.287e+01             333.902           3.772e+01     
  42.000         270.000           -5.084e+00          -5.085e+00             256.936          -4.293e+01             333.930           3.807e+01     
  41.000         270.000           -4.813e+00          -4.814e+00             257.500          -4.299e+01             333.969           3.842e+01     
  40.000         270.000           -4.547e+00          -4.547e+00             258.055          -4.306e+01             334.020           3.877e+01     
  39.000         270.000           -4.284e+00          -4.285e+00             258.601          -4.313e+01             334.084           3.912e+01     
  38.000         270.000           -4.026e+00          -4.027e+00             259.138          -4.320e+01             334.160           3.947e+01     
  37.000         270.000           -3.772e+00          -3.773e+00             259.666          -4.328e+01             334.250           3.982e+01     
  36.000         270.000           -3.523e+00          -3.523e+00             260.185          -4.336e+01             334.354           4.000e+01     
  35.000         270.000           -3.278e+00          -3.278e+00             260.696          -4.344e+01             334.473           4.000e+01     
  34.000         270.000           -3.036e+00          -3.037e+00             261.198          -4.353e+01             334.607           4.000e+01     
  33.000         270.000           -2.800e+00          -2.800e+00             261.692          -4.363e+01             334.756           4.000e+01     
  32.000         270.000           -2.567e+00          -2.567e+00             262.177          -4.372e+01             334.922           4.000e+01     
  31.000         270.000           -2.339e+00          -2.339e+00             262.655          -4.383e+01             335.105           4.000e+01     
  30.000         270.000           -2.115e+00          -2.115e+00             263.124          -4.393e+01             335.306           4.000e+01     
  29.000         270.000           -1.895e+00          -1.895e+00             263.586          -4.405e+01             335.526           4.000e+01     
  28.000         270.000           -1.679e+00          -1.679e+00             264.040          -4.416e+01             335.765           4.000e+01     
  27.000         270.000           -1.468e+00          -1.468e+00             264.486          -4.428e+01             336.024           4.000e+01     
  26.000         270.000           -1.261e+00          -1.261e+00             264.925          -4.441e+01             336.304           4.000e+01     
  25.000         270.000           -1.058e+00          -1.058e+00             265.357          -4.454e+01             336.607           4.000e+01     
  24.000         270.000           -8.599e-01          -8.600e-01             265.781          -4.468e+01             336.933           4.000e+01     
  23.000         270.000           -6.658e-01          -6.660e-01             266.198          -4.483e+01             337.284           4.000e+01     
  22.000         270.000           -4.761e-01          -4.763e-01             266.609          -4.498e+01             337.660           4.000e+01     
  21.000         270.000           -2.908e-01          -2.910e-01             267.013          -4.513e+01             338.064           4.000e+01     
  20.000         270.000           -1.099e-01          -1.100e-01             267.410          -4.529e+01             338.497           4.000e+01     
  19.000         270.000            6.667e-02           6.655e-02             267.801          -4.546e+01             338.959           4.000e+01     
  18.000         270.000            2.388e-01           2.387e-01             268.185          -4.564e+01             339.454           4.000e+01     
  17.000         270.000            4.065e-01           4.064e-01             268.564          -4.582e+01             339.983           4.000e+01     
  16.000         270.000            5.698e-01           5.697e-01             268.936          -4.600e+01             340.547           4.000e+01     
  15.000         270.000            7.287e-01           7.286e-01             269.303          -4.620e+01             341.150           4.000e+01     
  14.000         270.000            8.830e-01           8.830e-01             269.664          -4.640e+01             341.794           4.000e+01     
  13.000         270.000            1.033e+00           1.033e+00             270.019          -4.661e+01             342.480           4.000e+01     
  12.000         270.000            1.178e+00           1.178e+00             270.369          -4.682e+01             343.214           4.000e+01     
  11.000         270.000            1.319e+00           1.319e+00             270.714          -4.704e+01             343.996           4.000e+01     
  10.000         270.000            1.456e+00           1.456e+00             271.053          -4.727e+01             344.832           4.000e+01     
   9.000         270.000            1.588e+00           1.588e+00             271.388          -4.751e+01             345.724           4.000e+01     
   8.000         270.000            1.715e+00           1.715e+00             271.718          -4.775e+01             346.677           4.000e+01     
   7.000         270.000            1.838e+00           1.838e+00             272.043          -4.800e+01             347.695           4.000e+01     
   6.000         270.000            1.956e+00           1.956e+00             272.363          -4.826e+01             348.784           4.000e+01     
   5.000         270.000            2.070e+00           2.070e+00             272.679          -4.853e+01             349.948           4.000e+01     
   4.000         270.000            2.179e+00           2.179e+00             272.991          -4.880e+01             351.194           4.000e+01     
   3.000         270.000            2.284e+00           2.284e+00             273.298          -4.908e+01             352.527           4.000e+01     
   2.000         270.000            2.384e+00           2.384e+00             273.602          -4.936e+01             353.954           4.000e+01     
   1.000         270.000            2.479e+00           2.479e+00             273.901          -4.965e+01             355.482           4.000e+01     
