                Frequency                        S11
                       1                     -0.30327633
               1.0039999                     -0.30808051
                   1.008                      -0.3137523
                   1.012                     -0.32112759
                   1.016                     -0.32997441
                    1.02                     -0.33916126
                   1.024                     -0.34743618
                   1.028                     -0.35428045
               1.0319999                     -0.36026006
                   1.036                     -0.36663289
                    1.04                     -0.37448735
                   1.044                     -0.38400701
                   1.048                     -0.39434943
                   1.052                     -0.40422402
                   1.056                     -0.41277537
               1.0599999                     -0.42016259
                   1.064                     -0.42745283
                   1.068                     -0.43589278
                   1.072                     -0.44607033
                   1.076                     -0.45752737
                    1.08                     -0.46907824
                   1.084                     -0.47961891
               1.0880001                     -0.48888119
                   1.092                     -0.49760978
                   1.096                     -0.50705001
                     1.1                      -0.5180994
                   1.104                     -0.53070328
                   1.108                     -0.54389504
                   1.112                     -0.55645171
               1.1160001                     -0.56772924
                    1.12                     -0.57809481
                   1.124                     -0.58868041
                   1.128                     -0.60061564
                   1.132                     -0.61427399
                   1.136                     -0.62902999
                    1.14                     -0.64369611
               1.1440001                     -0.65733196
                   1.148                     -0.66988095
                   1.152                     -0.68221124
                   1.156                     -0.69551496
                    1.16                     -0.71050742
                   1.164                     -0.72694573
                   1.168                     -0.74380265
               1.1720001                     -0.75996649
                   1.176                     -0.77500183
               1.1799999                     -0.78944268
                   1.184                     -0.80443248
                   1.188                     -0.82094714
                   1.192                     -0.83914192
                   1.196                     -0.85825321
                     1.2                     -0.87711933
                   1.204                     -0.89497554
               1.2079999                     -0.91197206
                   1.212                     -0.92907644
                   1.216                     -0.94742007
                    1.22                     -0.96753832
                   1.224                     -0.98901777
                   1.228                      -1.0107814
                   1.232                      -1.0318196
               1.2359999                      -1.0518793
                    1.24                      -1.0716299
                   1.244                      -1.0922103
                   1.248                      -1.1144588
                   1.252                      -1.1383545
                   1.256                      -1.1630426
                    1.26                      -1.1874186
               1.2640001                      -1.2108876
                   1.268                      -1.2337792
                   1.272                      -1.2571203
                   1.276                      -1.2819536
                    1.28                      -1.3086285
                   1.284                      -1.3365717
                   1.288                      -1.3646791
               1.2920001                      -1.3920604
                   1.296                      -1.4186503
                     1.3                      -1.4452587
                   1.304                      -1.4730262
                   1.308                       -1.502661
                   1.312                       -1.533972
                   1.316                      -1.5660011
               1.3200001                      -1.5976762
                   1.324                       -1.628546
               1.3279999                      -1.6590842
                   1.332                      -1.6903816
                   1.336                      -1.7234077
                    1.34                      -1.7583668
                   1.344                      -1.7945598
                   1.348                      -1.8308646
                   1.352                      -1.8664983
               1.3559999                      -1.9015562
                    1.36                      -1.9369576
                   1.364                      -1.9738342
                   1.368                      -2.0127744
                   1.372                      -2.0534317
                   1.376                      -2.0947662
                    1.38                      -2.1357425
               1.3839999                      -2.1760392
                   1.388                      -2.2162711
                   1.392                      -2.2575859
                   1.396                      -2.3008933
                     1.4                      -2.3462586
                   1.404                      -2.3928696
                   1.408                       -2.439579
               1.4119999                      -2.4856939
                   1.416                      -2.5314485
                    1.42                       -2.577861
                   1.424                      -2.6260535
                   1.428                      -2.6765076
                   1.432                      -2.7287407
                   1.436                      -2.7816402
               1.4400001                      -2.8342123
                   1.444                      -2.8862665
                   1.448                      -2.9385553
                   1.452                      -2.9922752
                   1.456                      -3.0482704
                    1.46                      -3.1064614
                   1.464                      -3.1659057
               1.4680001                      -3.2254306
                   1.472                       -3.284437
                   1.476                      -3.3433178
                    1.48                      -3.4032156
                   1.484                      -3.4652609
                   1.488                      -3.5298219
                   1.492                      -3.5962572
               1.4960001                      -3.6633408
                     1.5                      -3.7300956
               1.5039999                      -3.7964593
                   1.508                      -3.8633502
                   1.512                      -3.9320575
                   1.516                      -4.0033898
                    1.52                      -4.0771346
                   1.524                      -4.1521938
                   1.528                      -4.2273308
               1.5319999                      -4.3020074
                   1.536                      -4.3767687
                    1.54                      -4.4528928
                   1.544                       -4.531544
                   1.548                      -4.6130013
                   1.552                      -4.6964624
                   1.556                      -4.7805877
               1.5599999                      -4.8644082
                   1.564                       -4.948001
                   1.568                      -5.0324599
                   1.572                       -5.119177
                   1.576                      -5.2089179
                    1.58                       -5.301296
                   1.584                      -5.3950301
               1.5880001                      -5.4888022
                   1.592                      -5.5821638
                   1.596                      -5.6758692
                     1.6                      -5.7713963
                   1.604                      -5.8699731
                   1.608                      -5.9717571
                   1.612                      -6.0757182
               1.6160001                      -6.1803282
                    1.62                      -6.2845971
                   1.624                      -6.3887722
                   1.628                      -6.4942033
                   1.632                      -6.6024651
                   1.636                      -6.7143093
                    1.64                      -6.8291504
               1.6440001                      -6.9454493
                   1.648                      -7.0617509
                   1.652                      -7.1776906
                   1.656                      -7.2942873
                    1.66                      -7.4132953
                   1.664                      -7.5360518
                   1.668                      -7.6625774
               1.6720001                      -7.7915485
                   1.676                       -7.921184
               1.6799999                        -8.05046
                   1.684                      -8.1798558
                   1.688                      -8.3110844
                   1.692                      -8.4459801
                   1.696                      -8.5852791
                     1.7                      -8.7281112
                   1.704                      -8.8725714
               1.7079999                      -9.0170097
                   1.712                      -9.1612016
                   1.716                      -9.3065723
                    1.72                      -9.4553085
                   1.724                      -9.6089179
                   1.728                      -9.7672202
                   1.732                      -9.9284408
               1.7359999                      -10.090404
                    1.74                      -10.252039
                   1.744                      -10.414206
                   1.748                      -10.579208
                   1.752                      -10.749323
                   1.756                      -10.925294
                    1.76                      -11.105813
               1.7640001                      -11.288385
                   1.768                      -11.471039
                   1.772                      -11.653752
                   1.776                      -11.838621
                    1.78                      -12.028556
                   1.784                      -12.225403
                   1.788                      -12.428708
               1.7920001                      -12.636005
                   1.796                      -12.844488
                     1.8                      -13.053021
                   1.804                      -13.263092
                   1.808                      -13.478014
                   1.812                      -13.700832
                   1.816                      -13.932337
               1.8200001                      -14.170525
                   1.824                      -14.411935
               1.8279999                      -14.654092
                   1.832                      -14.897427
                   1.836                      -15.145314
                    1.84                      -15.402079
                   1.844                      -15.670278
                   1.848                      -15.949038
                   1.852                      -16.234652
               1.8559999                      -16.523153
                    1.86                      -16.813302
                   1.864                      -17.107911
                   1.868                       -17.41246
                   1.872                      -17.731833
                   1.876                      -18.067301
                    1.88                      -18.415782
               1.8839999                      -18.772051
                   1.888                      -19.132668
                   1.892                      -19.499089
                   1.896                      -19.877661
                     1.9                      -20.276301
                   1.904                       -20.69994
                   1.908                      -21.147746
               1.9119999                      -21.614081
                   1.916                      -22.092997
                    1.92                      -22.583699
                   1.924                      -23.093212
                   1.928                      -23.634093
                   1.932                      -24.218455
                   1.936                      -24.852078
               1.9400001                      -25.532495
                   1.944                       -26.25287
                   1.948                      -27.010338
                   1.952                      -27.814159
                   1.956                      -28.688145
                    1.96                      -29.665567
                   1.964                      -30.780194
               1.9680001                      -32.059688
                   1.972                       -33.52663
                   1.976                      -35.209982
                    1.98                      -37.164376
                   1.984                      -39.476394
                   1.988                      -42.154741
                   1.992                      -44.462434
               1.9960001                      -44.215923
                       2                      -41.758769
               2.0039999                      -39.195943
               2.0079999                      -37.065266
               2.0120001                         -35.308
                   2.016                      -33.810447
                    2.02                      -32.497453
               2.0239999                       -31.33475
               2.0280001                      -30.310829
               2.0320001                      -29.417434
                   2.036                      -28.637843
                    2.04                      -27.945432
               2.0439999                      -27.310502
               2.0480001                      -26.710528
                   2.052                      -26.137175
                   2.056                      -25.595212
               2.0599999                      -25.094331
               2.0639999                      -24.639678
               2.0680001                       -24.22678
                   2.072                       -23.84304
                   2.076                      -23.474325
               2.0799999                       -23.11244
               2.0840001                      -22.758623
               2.0880001                      -22.420857
                   2.092                      -22.107215
                   2.096                      -21.819866
               2.0999999                       -21.55331
               2.1040001                      -21.297591
                   2.108                      -21.044264
                   2.112                      -20.791266
               2.1159999                      -20.543436
               2.1199999                      -20.308514
               2.1240001                      -20.091565
                   2.128                      -19.891527
                   2.132                      -19.701847
               2.1359999                      -19.514642
               2.1400001                      -19.325647
               2.1440001                      -19.136645
                   2.148                      -18.953788
                   2.152                      -18.783113
               2.1559999                      -18.626393
               2.1600001                      -18.479926
                   2.164                      -18.336941
                   2.168                      -18.191979
               2.1719999                      -18.044361
               2.1760001                      -17.898377
               2.1800001                      -17.760156
                   2.184                      -17.633429
                   2.188                      -17.517033
               2.1919999                      -17.405669
               2.1960001                      -17.293363
                     2.2                      -17.177375
                   2.204                      -17.059888
               2.2079999                      -16.946373
               2.2119999                      -16.841789
               2.2160001                       -16.74726
                    2.22                      -16.659331
                   2.224                      -16.572247
               2.2279999                      -16.481751
               2.2320001                      -16.387867
               2.2360001                      -16.294776
                    2.24                      -16.207886
                   2.244                      -16.130173
               2.2479999                      -16.060197
               2.2520001                      -15.993051
                   2.256                      -15.923609
                    2.26                      -15.849925
               2.2639999                      -15.774499
               2.2679999                      -15.702506
               2.2720001                      -15.638277
                   2.276                      -15.582391
                    2.28                      -15.531286
               2.2839999                      -15.479596
               2.2880001                      -15.423724
               2.2920001                      -15.364246
                   2.296                      -15.305496
                     2.3                      -15.252612
               2.3039999                      -15.208102
               2.3080001                      -15.170174
                   2.312                      -15.133904
                   2.316                      -15.094496
               2.3199999                       -15.05049
               2.3239999                      -15.004747
               2.3280001                      -14.962497
                   2.332                       -14.92782
                   2.336                       -14.90093
               2.3399999                      -14.878002
               2.3440001                      -14.853679
                   2.348                      -14.824634
                   2.352                      -14.791837
               2.3559999                       -14.75991
               2.3599999                      -14.734041
               2.3640001                      -14.716539
                   2.368                      -14.705297
                   2.372                      -14.695143
               2.3759999                      -14.681259
               2.3800001                      -14.662416
               2.3840001                      -14.641842
                   2.388                      -14.625076
                   2.392                      -14.616293
               2.3959999                      -14.615533
               2.4000001                      -14.618633
                   2.404                      -14.619924
                   2.408                      -14.615993
               2.4119999                      -14.608026
               2.4159999                      -14.601062
               2.4200001                      -14.600674
                   2.424                      -14.609289
                   2.428                      -14.624552
               2.4319999                      -14.640788
               2.4360001                      -14.652687
               2.4400001                      -14.658853
                   2.444                      -14.662814
                   2.448                      -14.670726
               2.4519999                      -14.687326
               2.4560001                       -14.71278
                    2.46                      -14.742432
                   2.464                      -14.769654
               2.4679999                      -14.790082
               2.4719999                      -14.804484
               2.4760001                       -14.81825
                    2.48                       -14.83781
                   2.484                      -14.866327
               2.4879999                        -14.9014
               2.4920001                      -14.936175
               2.4960001                      -14.963286
                     2.5                      -14.979206
               2.5039999                      -14.986141
               2.5079999                      -14.990124
               2.5120001                      -14.996529
                   2.516                      -15.005857
                    2.52                      -15.012322
               2.5239999                      -15.006057
               2.5280001                      -14.977698
               2.5320001                      -14.922566
                   2.536                      -14.841714
                    2.54                      -14.739135
               2.5439999                      -14.616983
               2.5480001                      -14.471799
                   2.552                      -14.293921
                   2.556                       -14.07046
               2.5599999                      -13.790274
               2.5639999                      -13.448168
               2.5680001                       -13.04592
                   2.572                      -12.589751
                   2.576                      -12.086158
               2.5799999                      -11.538792
               2.5840001                      -10.948153
               2.5880001                      -10.314234
                   2.592                       -9.640676
                   2.596                      -8.9381702
               2.5999999                      -8.2252264
               2.6040001                      -7.5259951
                   2.608                      -6.8664016
                   2.612                      -6.2703474
               2.6159999                      -5.7570778
               2.6199999                      -5.3399122
               2.6240001                      -5.0259629
                   2.628                      -4.8163886
                   2.632                      -4.7068777
               2.6359999                      -4.6882515
               2.6400001                      -4.7472757
               2.6440001                      -4.8678042
                   2.648                      -5.0324021
                   2.652                      -5.2243619
               2.6559999                      -5.4297631
               2.6600001                      -5.6389505
                   2.664                      -5.8468694
                   2.668                      -6.0520729
               2.6719999                      -6.2548226
               2.6760001                      -6.4550797
               2.6800001                      -6.6512418
                   2.684                      -6.8401276
                   2.688                      -7.0181614
               2.6919999                      -7.1831047
               2.6960001                       -7.335337
                     2.7                      -7.4778242
                   2.704                      -7.6146249
               2.7079999                      -7.7486789
               2.7119999                      -7.8801114
               2.7160001                      -8.0061223
                    2.72                      -8.1226934
                   2.724                      -8.2272897
               2.7279999                       -8.320904
               2.7320001                      -8.4079874
               2.7360001                      -8.4940598
                    2.74                      -8.5823522
                   2.744                      -8.6715881
               2.7479999                      -8.7564655
               2.7520001                      -8.8309112
                   2.756                      -8.8923313
                    2.76                      -8.9440058
               2.7639999                      -8.9936371
               2.7679999                       -9.048637
               2.7720001                      -9.1110293
                   2.776                      -9.1753121
                    2.78                      -9.2311679
               2.7839999                      -9.2701056
               2.7880001                      -9.2920571
               2.7920001                       -9.306939
                   2.796                      -9.3292004
                     2.8                      -9.3682896
               2.8039999                      -9.4208319
               2.8080001                      -9.4698203
                   2.812                       -9.493404
                   2.816                      -9.4804419
               2.8199999                      -9.4431886
               2.8239999                      -9.4169082
               2.8280001                      -9.4456171
                   2.832                      -9.5624315
                   2.836                       -9.772396
               2.8399999                      -10.041263
               2.8440001                      -10.295499
                   2.848                      -10.445118
                   2.852                      -10.431867
               2.8559999                      -10.269769
               2.8599999                      -10.034728
               2.8640001                      -9.8144357
                   2.868                      -9.6660313
                   2.872                      -9.6016021
               2.8759999                      -9.5939584
               2.8800001                      -9.5947507
               2.8840001                      -9.5605987
                   2.888                      -9.4764986
                   2.892                      -9.3606574
               2.8959999                      -9.2473074
               2.9000001                      -9.1622125
                   2.904                      -9.1072835
                   2.908                      -9.0607095
               2.9119999                      -8.9911037
               2.9159999                      -8.8780684
               2.9200001                      -8.7256296
                   2.924                      -8.5580313
                   2.928                      -8.4016375
               2.9319999                      -8.2667595
               2.9360001                      -8.1404301
               2.9400001                      -7.9935888
                   2.944                      -7.7993772
                   2.948                      -7.5513661
               2.9519999                      -7.2675753
               2.9560001                      -6.9765754
                    2.96                      -6.6966668
                   2.964                      -6.4223433
               2.9679999                      -6.1259789
               2.9719999                      -5.7756248
               2.9760001                      -5.3606758
                    2.98                      -4.9078739
                   2.984                      -4.4754372
               2.9879999                      -4.1327391
               2.9920001                      -3.9421084
               2.9960001                      -3.9506386
                       3                      -4.1894405
               3.0039999                       -4.675082
               3.0079999                      -5.4093275
               3.0120001                      -6.3748936
                   3.016                      -7.5262993
                    3.02                      -8.7787926
               3.0239999                      -10.008698
               3.0280001                      -11.088227
               3.0320001                      -11.951926
                   3.036                      -12.629438
                    3.04                      -13.195459
               3.0439999                      -13.691864
               3.0480001                      -14.096618
                   3.052                      -14.355287
                   3.056                      -14.444037
               3.0599999                       -14.40332
               3.0639999                       -14.30927
               3.0680001                      -14.221129
                   3.072                      -14.153664
                   3.076                      -14.083776
               3.0799999                      -13.978064
               3.0840001                      -13.822218
               3.0880001                      -13.632119
                   3.092                      -13.440567
                   3.096                      -13.274204
               3.0999999                      -13.138701
               3.1040001                      -13.019099
                   3.108                      -12.892304
                   3.112                      -12.743388
               3.1159999                      -12.574979
               3.1199999                      -12.403658
               3.1240001                      -12.247411
                   3.128                      -12.114003
                   3.132                      -11.997266
               3.1359999                      -11.882301
               3.1400001                      -11.755729
               3.1440001                      -11.614299
                   3.148                      -11.466116
                   3.152                      -11.324194
               3.1559999                      -11.197529
               3.1600001                      -11.085724
                   3.164                      -10.979972
                   3.168                      -10.869235
               3.1719999                      -10.747515
               3.1760001                      -10.617408
               3.1800001                      -10.487701
                   3.184                      -10.367123
                   3.188                      -10.258718
               3.1919999                      -10.158301
               3.1960001                      -10.057565
                     3.2                      -9.9496809
                   3.204                      -9.8336625
               3.2079999                       -9.714635
               3.2119999                      -9.6000564
               3.2160001                      -9.4947183
                    3.22                      -9.3978326
                   3.224                      -9.3038469
               3.2279999                      -9.2062686
               3.2320001                      -9.1019263
               3.2360001                      -8.9928655
                    3.24                      -8.8846949
                   3.244                      -8.7827152
               3.2479999                      -8.6885019
               3.2520001                      -8.5991007
                   3.256                      -8.5091544
                    3.26                      -8.4144937
               3.2639999                      -8.3148213
               3.2679999                      -8.2136991
               3.2720001                      -8.1160169
                   3.276                      -8.0247236
                    3.28                      -7.9390216
               3.2839999                      -7.8550476
               3.2880001                      -7.7685167
               3.2920001                      -7.6775481
                   3.296                       -7.583802
                     3.3                      -7.4912255
               3.3039999                      -7.4033658
               3.3080001                      -7.3210776
                   3.312                      -7.2420869
                   3.316                      -7.1625879
               3.3199999                      -7.0797943
               3.3239999                      -6.9937303
               3.3280001                      -6.9071037
                   3.332                      -6.8234121
                   3.336                      -6.7446223
               3.3399999                      -6.6699476
               3.3440001                      -6.5964599
                   3.348                      -6.5210769
                   3.352                      -6.4425931
               3.3559999                      -6.3624127
               3.3599999                      -6.2835285
               3.3640001                      -6.2085005
                   3.368                      -6.1378028
                   3.372                      -6.0695838
               3.3759999                      -6.0009521
               3.3800001                       -5.929905
               3.3840001                      -5.8566139
                   3.388                      -5.7832441
                   3.392                      -5.7124513
               3.3959999                      -5.6456286
               3.4000001                      -5.5820329
                   3.404                      -5.5193453
                   3.408                      -5.4552337
               3.4119999                       -5.388896
               3.4159999                      -5.3215447
               3.4200001                      -5.2555384
                   3.424                      -5.1927939
                   3.428                      -5.1335368
               3.4319999                       -5.076201
               3.4360001                      -5.0185081
               3.4400001                      -4.9589844
                   3.444                      -4.8979205
                   3.448                      -4.8371252
               3.4519999                      -4.7786936
               3.4560001                      -4.7236103
                    3.46                      -4.6711352
                   3.464                      -4.6193301
               3.4679999                      -4.5663677
               3.4719999                       -4.511738
               3.4760001                      -4.4565592
                    3.48                      -4.4027933
                   3.484                      -4.3519293
               3.4879999                      -4.3040088
               3.4920001                      -4.2576249
               3.4960001                      -4.2108842
                     3.5                      -4.1626561
               3.5039999                      -4.1133184
               3.5079999                      -4.0644602
               3.5120001                       -4.017814
                   3.516                      -3.9740973
                    3.52                      -3.9325675
               3.5239999                      -3.8915379
               3.5280001                       -3.849511
               3.5320001                      -3.8061707
                   3.536                      -3.7625701
                    3.54                      -3.7204013
               3.5439999                      -3.6808656
               3.5480001                      -3.6438799
                   3.552                      -3.6081566
                   3.556                      -3.5720718
               3.5599999                      -3.5347505
               3.5639999                      -3.4966337
               3.5680001                      -3.4591622
                   3.572                      -3.4238061
                   3.576                      -3.3910852
               3.5799999                      -3.3602429
               3.5840001                      -3.3297647
               3.5880001                      -3.2983911
                   3.592                       -3.265956
                   3.596                      -3.2334723
               3.5999999                      -3.2024424
               3.6040001                       -3.173851
                   3.608                      -3.1475159
                   3.612                      -3.1222278
               3.6159999                      -3.0965678
               3.6199999                      -3.0698556
               3.6240001                      -3.0425966
                   3.628                      -3.0161306
                   3.632                       -2.991729
               3.6359999                      -2.9697475
               3.6400001                      -2.9494011
               3.6440001                      -2.9292954
                   3.648                      -2.9083608
                   3.652                      -2.8865618
               3.6559999                      -2.8649082
               3.6600001                      -2.8447715
                   3.664                      -2.8269651
                   3.668                      -2.8112111
               3.6719999                      -2.7963371
               3.6760001                      -2.7810645
               3.6800001                      -2.7648693
                   3.684                      -2.7483237
                   3.688                      -2.7327076
               3.6919999                      -2.7191467
               3.6960001                      -2.7078608
                     3.7                      -2.6980279
                   3.704                      -2.6883397
               3.7079999                      -2.6778787
               3.7119999                      -2.6667309
               3.7160001                      -2.6559298
                    3.72                      -2.6467482
                   3.724                      -2.6398574
               3.7279999                      -2.6348762
               3.7320001                      -2.6306347
               3.7360001                      -2.6259622
                    3.74                       -2.620471
                   3.744                      -2.6148184
               3.7479999                      -2.6102605
               3.7520001                      -2.6078138
                   3.756                      -2.6075709
                    3.76                      -2.6086517
               3.7639999                       -2.609788
               3.7679999                      -2.6101792
               3.7720001                      -2.6100328
                   3.776                      -2.6104215
                    3.78                      -2.6125624
               3.7839999                      -2.6170042
               3.7880001                      -2.6232644
               3.7920001                       -2.630152
                   3.796                      -2.6365686
                     3.8                      -2.6422515
               3.8039999                      -2.6479472
               3.8080001                       -2.654914
                   3.812                      -2.6640779
                   3.816                       -2.675414
               3.8199999                      -2.6879656
               3.8239999                      -2.7004885
               3.8280001                      -2.7122883
                   3.832                      -2.7236925
                   3.836                      -2.7358301
               3.8399999                      -2.7498705
               3.8440001                      -2.7662386
                   3.848                      -2.7843293
                   3.852                      -2.8029067
               3.8559999                      -2.8209384
               3.8599999                      -2.8382956
               3.8640001                      -2.8558419
                   3.868                      -2.8748608
                   3.872                       -2.896186
               3.8759999                      -2.9196442
               3.8800001                      -2.9441658
               3.8840001                      -2.9684953
                   3.888                      -2.9920402
                   3.892                      -3.0152713
               3.8959999                      -3.0394073
               3.9000001                      -3.0655965
                   3.904                      -3.0941357
                   3.908                      -3.1242719
               3.9119999                      -3.1546958
               3.9159999                      -3.1844224
               3.9200001                      -3.2134544
                   3.924                        -3.24278
                   3.928                      -3.2736997
               3.9319999                      -3.3069465
               3.9360001                      -3.3421864
               3.9400001                      -3.3782433
                   3.944                      -3.4139022
                   3.948                       -3.448741
               3.9519999                      -3.4834333
               3.9560001                      -3.5192914
                    3.96                      -3.5573565
                   3.964                      -3.5976651
               3.9679999                       -3.639174
               3.9719999                       -3.680432
               3.9760001                      -3.7205375
                    3.98                      -3.7597612
                   3.984                      -3.7993709
               3.9879999                      -3.8407887
               3.9920001                      -3.8846266
               3.9960001                       -3.930262
                       4                      -3.9762335
               4.0040002                      -4.0212077
               4.0079999                      -4.0648793
               4.0120001                      -4.1081755
               4.0159998                      -4.1526219
                    4.02                      -4.1993015
               4.0240002                      -4.2480928
               4.0279999                      -4.2977251
               4.0320001                      -4.3466109
               4.0359998                      -4.3939098
                    4.04                      -4.4401009
               4.0440001                      -4.4866484
               4.0479999                      -4.5350058
                   4.052                      -4.5855948
               4.0560002                      -4.6374952
               4.0599999                      -4.6890258
               4.0640001                      -4.7388713
               4.0679998                      -4.7869675
                   4.072                      -4.8345474
               4.0760002                      -4.8832957
               4.0799999                      -4.9341742
               4.0840001                      -4.9867399
               4.0879998                      -5.0394034
                   4.092                       -5.090484
               4.0960002                       -5.139344
               4.0999999                      -5.1868279
               4.1040001                      -5.2346852
               4.1079998                      -5.2843583
                   4.112                      -5.3359721
               4.1160002                      -5.3882069
               4.1199999                      -5.4391598
               4.1240001                      -5.4876334
               4.1279998                      -5.5339548
                   4.132                      -5.5797546
               4.1360002                      -5.6268478
               4.1399999                      -5.6759666
               4.1440001                      -5.7262243
               4.1479998                       -5.775679
                   4.152                      -5.8226338
               4.1560001                      -5.8668035
               4.1599998                      -5.9095156
                   4.164                      -5.9527998
               4.1680002                      -5.9979863
               4.1719999                      -6.0447697
               4.1760001                      -6.0913826
               4.1799998                      -6.1357815
                   4.184                      -6.1770488
               4.1880002                      -6.2160376
               4.1919999                      -6.2547957
               4.1960001                      -6.2951554
               4.1999998                      -6.3374595
                   4.204                      -6.3802998
               4.2080002                      -6.4214549
               4.2119999                      -6.4594191
               4.2160001                      -6.4944539
               4.2199998                      -6.5284354
                   4.224                      -6.5635739
               4.2280002                      -6.6008867
               4.2319999                      -6.6394829
               4.2360001                      -6.6771471
               4.2399998                      -6.7118569
                   4.244                      -6.7431903
               4.2480001                      -6.7726527
               4.2519999                      -6.8026574
                   4.256                      -6.8348816
               4.2600002                      -6.8691019
               4.2639999                      -6.9033356
               4.2680001                      -6.9351951
               4.2719998                       -6.963543
                   4.276                      -6.9893196
               4.2800002                      -7.0149219
               4.2839999                      -7.0425761
               4.2880001                      -7.0728115
               4.2919998                      -7.1040874
                   4.296                       -7.133846
               4.3000002                      -7.1602776
               4.3039999                      -7.1836131
               4.3080001                       -7.206004
               4.3119998                      -7.2300759
                   4.316                      -7.2571395
               4.3200002                      -7.2863012
               4.3239999                      -7.3150656
               4.3280001                      -7.3410628
               4.3319998                      -7.3637139
                   4.336                      -7.3846764
               4.3400002                      -7.4067404
               4.3439999                       -7.431934
                   4.348                      -7.4601385
               4.3520002                      -7.4891728
               4.3559999                      -7.5162874
               4.3600001                      -7.5400922
               4.3639998                      -7.5615652
                   4.368                      -7.5834309
               4.3720002                      -7.6083194
               4.3759999                      -7.6369844
               4.3800001                      -7.6677892
               4.3839998                      -7.6978307
                   4.388                      -7.7249547
               4.3920002                      -7.7492998
               4.3959999                      -7.7732617
               4.4000001                      -7.7998936
               4.4039998                      -7.8308445
                   4.408                      -7.8652483
               4.4120002                      -7.9003258
               4.4159999                      -7.9333178
               4.4200001                      -7.9634564
               4.4239998                      -7.9925866
                   4.428                      -8.0239904
               4.4320002                      -8.0602054
               4.4359999                       -8.101358
               4.4400001                      -8.1451176
               4.4439998                      -8.1883595
                   4.448                      -8.2294118
               4.4520001                       -8.269344
               4.4559999                      -8.3113631
                    4.46                      -8.3587116
               4.4640002                      -8.4125041
               4.4679999                      -8.4709854
               4.4720001                      -8.5307406
               4.4759998                      -8.5890797
                    4.48                      -8.6460135
               4.4840002                      -8.7043837
               4.4879999                      -8.7680402
               4.4920001                       -8.839306
               4.4959998                      -8.9174442
                     4.5                      -8.9992101
               4.5040002                      -9.0811614
               4.5079999                      -9.1622101
               4.5120001                      -9.2446243
               4.5159998                      -9.3327124
                    4.52                      -9.4300698
               4.5240002                      -9.5372613
               4.5279999                      -9.6515244
               4.5320001                      -9.7687845
               4.5359998                      -9.8866804
                    4.54                      -10.006549
               4.5440001                      -10.132861
               4.5479999                      -10.270426
                   4.552                      -10.421259
               4.5560002                      -10.583231
               4.5599999                      -10.751522
               4.5640001                       -10.92203
               4.5679998                      -11.094407
                   4.572                      -11.272461
               4.5760002                      -11.461361
               4.5799999                      -11.663427
               4.5840001                      -11.875349
               4.5879998                      -12.088799
                   4.592                      -12.294231
               4.5960002                      -12.485261
               4.5999999                      -12.660032
               4.6040001                      -12.817905
               4.6079998                      -12.953442
                   4.612                       -13.05225
               4.6160002                      -13.092624
               4.6199999                      -13.053094
               4.6240001                      -12.921017
               4.6279998                       -12.69549
                   4.632                      -12.382754
               4.6360002                      -11.989326
               4.6399999                      -11.519526
               4.6440001                      -10.978832
               4.6479998                      -10.378665
                   4.652                      -9.7373262
               4.6560001                      -9.0760697
               4.6599998                      -8.4135554
                   4.664                      -7.7625469
               4.6680002                      -7.1301855
               4.6719999                      -6.5206607
               4.6760001                      -5.9381194
               4.6799998                      -5.3880795
                   4.684                      -4.8769327
               4.6880002                       -4.410255
               4.6919999                      -3.9911771
               4.6960001                      -3.6197266
               4.6999998                        -3.29339
                   4.704                      -3.0085134
               4.7080002                      -2.7617742
               4.7119999                      -2.5510013
               4.7160001                      -2.3749819
               4.7199998                      -2.2325043
                   4.724                      -2.1212725
               4.7280002                      -2.0374058
               4.7319999                      -1.9758874
               4.7360001                       -1.931762
               4.7399998                      -1.9014365
                   4.744                      -1.8832914
               4.7480001                      -1.8772089
               4.7519999                      -1.8832921
                   4.756                      -1.9005717
               4.7600002                      -1.9265187
               4.7639999                      -1.9576955
               4.7680001                      -1.9911502
               4.7719998                      -2.0256693
                   4.776                      -2.0620149
               4.7800002                      -2.1019461
               4.7839999                      -2.1466205
               4.7880001                      -2.1954282
               4.7919998                      -2.2460234
                   4.796                      -2.2955651
               4.8000002                       -2.342398
               4.8039999                      -2.3870203
               4.8080001                      -2.4316515
               4.8119998                      -2.4786551
                   4.816                      -2.5288422
               4.8200002                      -2.5808024
               4.8239999                      -2.6317286
               4.8280001                      -2.6792319
               4.8319998                      -2.7229419
                   4.836                      -2.7647903
               4.8400002                      -2.8077236
               4.8439999                      -2.8537117
                   4.848                      -2.9023879
               4.8520002                      -2.9512336
               4.8559999                      -2.9972497
               4.8600001                       -3.039009
               4.8639998                      -3.0776868
                   4.868                      -3.1163276
               4.8720002                      -3.1578069
               4.8759999                      -3.2028732
               4.8800001                      -3.2495958
               4.8839998                      -3.2946205
                   4.888                      -3.3354558
               4.8920002                      -3.3722384
               4.8959999                      -3.4077271
               4.9000001                       -3.445495
               4.9039998                       -3.487524
                   4.908                      -3.5328378
               4.9120002                      -3.5781069
               4.9159999                      -3.6198848
               4.9200001                       -3.656995
               4.9239998                      -3.6914212
                   4.928                       -3.727025
               4.9320002                      -3.7669486
               4.9359999                      -3.8114726
               4.9400001                      -3.8577813
               4.9439998                      -3.9018361
                   4.948                      -3.9411638
               4.9520001                      -3.9766487
               4.9559999                      -4.0120151
                    4.96                      -4.0513109
               4.9640002                      -4.0961067
               4.9679999                      -4.1443003
               4.9720001                      -4.1914184
               4.9759998                      -4.2336289
                    4.98                      -4.2704895
               4.9840002                      -4.3054808
               4.9879999                      -4.3438729
               4.9920001                      -4.3893193
               4.9959998                      -4.4414584
                       5                      -4.4960911

