Theta[deg.]      Phi[deg.]       Abs(Gain)[dBi]     Abs(Theta)[dBi]    Phase(Theta)[deg.]     Abs(Phi)[dBi]     Phase(Phi)[deg.]      Ax.Ratio[dB]    
   0.000           0.000            2.296e+00          -5.129e+01             347.498           2.296e+00              94.777           4.000e+01     
   1.000           0.000            2.295e+00          -5.368e+01             356.478           2.295e+00              94.779           4.000e+01     
   2.000           0.000            2.293e+00          -5.644e+01              12.865           2.293e+00              94.788           4.000e+01     
   3.000           0.000            2.290e+00          -5.854e+01              42.460           2.290e+00              94.804           4.000e+01     
   4.000           0.000            2.286e+00          -5.778e+01              77.661           2.286e+00              94.827           4.000e+01     
   5.000           0.000            2.280e+00          -5.513e+01             100.521           2.280e+00              94.857           4.000e+01     
   6.000           0.000            2.274e+00          -5.251e+01             112.714           2.274e+00              94.893           4.000e+01     
   7.000           0.000            2.266e+00          -5.033e+01             119.670           2.266e+00              94.936           4.000e+01     
   8.000           0.000            2.257e+00          -4.852e+01             124.035           2.257e+00              94.986           4.000e+01     
   9.000           0.000            2.246e+00          -4.700e+01             126.988           2.246e+00              95.042           4.000e+01     
  10.000           0.000            2.235e+00          -4.570e+01             129.101           2.235e+00              95.105           4.000e+01     
  11.000           0.000            2.222e+00          -4.457e+01             130.677           2.222e+00              95.175           4.000e+01     
  12.000           0.000            2.209e+00          -4.357e+01             131.889           2.209e+00              95.251           4.000e+01     
  13.000           0.000            2.194e+00          -4.267e+01             132.844           2.194e+00              95.334           4.000e+01     
  14.000           0.000            2.178e+00          -4.186e+01             133.609           2.178e+00              95.424           4.000e+01     
  15.000           0.000            2.161e+00          -4.112e+01             134.232           2.161e+00              95.519           4.000e+01     
  16.000           0.000            2.143e+00          -4.045e+01             134.743           2.143e+00              95.622           4.000e+01     
  17.000           0.000            2.124e+00          -3.983e+01             135.165           2.124e+00              95.730           4.000e+01     
  18.000           0.000            2.104e+00          -3.925e+01             135.515           2.104e+00              95.845           4.000e+01     
  19.000           0.000            2.083e+00          -3.872e+01             135.805           2.083e+00              95.966           4.000e+01     
  20.000           0.000            2.061e+00          -3.822e+01             136.045           2.061e+00              96.093           4.000e+01     
  21.000           0.000            2.038e+00          -3.775e+01             136.243           2.038e+00              96.226           4.000e+01     
  22.000           0.000            2.014e+00          -3.731e+01             136.404           2.014e+00              96.365           4.000e+01     
  23.000           0.000            1.989e+00          -3.690e+01             136.532           1.989e+00              96.510           4.000e+01     
  24.000           0.000            1.964e+00          -3.652e+01             136.632           1.963e+00              96.661           4.000e+01     
  25.000           0.000            1.938e+00          -3.615e+01             136.707           1.937e+00              96.817           4.000e+01     
  26.000           0.000            1.910e+00          -3.580e+01             136.759           1.910e+00              96.979           4.000e+01     
  27.000           0.000            1.882e+00          -3.548e+01             136.789           1.882e+00              97.146           4.000e+01     
  28.000           0.000            1.854e+00          -3.516e+01             136.800           1.853e+00              97.319           4.000e+01     
  29.000           0.000            1.825e+00          -3.487e+01             136.794           1.824e+00              97.497           4.000e+01     
  30.000           0.000            1.795e+00          -3.459e+01             136.771           1.794e+00              97.681           4.000e+01     
  31.000           0.000            1.764e+00          -3.432e+01             136.732           1.763e+00              97.869           4.000e+01     
  32.000           0.000            1.733e+00          -3.407e+01             136.678           1.732e+00              98.062           3.990e+01     
  33.000           0.000            1.702e+00          -3.383e+01             136.610           1.700e+00              98.259           3.967e+01     
  34.000           0.000            1.669e+00          -3.360e+01             136.529           1.668e+00              98.462           3.947e+01     
  35.000           0.000            1.637e+00          -3.338e+01             136.435           1.636e+00              98.669           3.927e+01     
  36.000           0.000            1.604e+00          -3.317e+01             136.328           1.603e+00              98.880           3.909e+01     
  37.000           0.000            1.571e+00          -3.297e+01             136.209           1.569e+00              99.095           3.893e+01     
  38.000           0.000            1.537e+00          -3.278e+01             136.078           1.536e+00              99.314           3.877e+01     
  39.000           0.000            1.504e+00          -3.260e+01             135.935           1.502e+00              99.537           3.863e+01     
  40.000           0.000            1.470e+00          -3.242e+01             135.781           1.468e+00              99.763           3.850e+01     
  41.000           0.000            1.436e+00          -3.226e+01             135.615           1.434e+00              99.993           3.839e+01     
  42.000           0.000            1.401e+00          -3.210e+01             135.439           1.399e+00             100.227           3.828e+01     
  43.000           0.000            1.367e+00          -3.195e+01             135.251           1.365e+00             100.463           3.819e+01     
  44.000           0.000            1.333e+00          -3.180e+01             135.053           1.331e+00             100.702           3.811e+01     
  45.000           0.000            1.299e+00          -3.167e+01             134.844           1.296e+00             100.944           3.804e+01     
  46.000           0.000            1.264e+00          -3.154e+01             134.623           1.262e+00             101.188           3.798e+01     
  47.000           0.000            1.230e+00          -3.141e+01             134.393           1.228e+00             101.435           3.793e+01     
  48.000           0.000            1.197e+00          -3.129e+01             134.151           1.194e+00             101.684           3.789e+01     
  49.000           0.000            1.163e+00          -3.118e+01             133.899           1.160e+00             101.934           3.787e+01     
  50.000           0.000            1.130e+00          -3.107e+01             133.636           1.127e+00             102.186           3.785e+01     
  51.000           0.000            1.097e+00          -3.097e+01             133.362           1.094e+00             102.440           3.785e+01     
  52.000           0.000            1.064e+00          -3.087e+01             133.078           1.061e+00             102.694           3.786e+01     
  53.000           0.000            1.032e+00          -3.078e+01             132.782           1.029e+00             102.950           3.788e+01     
  54.000           0.000            1.000e+00          -3.069e+01             132.477           9.972e-01             103.206           3.791e+01     
  55.000           0.000            9.690e-01          -3.061e+01             132.160           9.660e-01             103.463           3.795e+01     
  56.000           0.000            9.384e-01          -3.053e+01             131.833           9.353e-01             103.720           3.801e+01     
  57.000           0.000            9.085e-01          -3.046e+01             131.495           9.053e-01             103.977           3.807e+01     
  58.000           0.000            8.792e-01          -3.039e+01             131.146           8.760e-01             104.234           3.815e+01     
  59.000           0.000            8.507e-01          -3.032e+01             130.786           8.473e-01             104.491           3.824e+01     
  60.000           0.000            8.229e-01          -3.026e+01             130.416           8.195e-01             104.747           3.835e+01     
  61.000           0.000            7.959e-01          -3.020e+01             130.034           7.925e-01             105.002           3.847e+01     
  62.000           0.000            7.698e-01          -3.014e+01             129.643           7.663e-01             105.255           3.860e+01     
  63.000           0.000            7.447e-01          -3.009e+01             129.240           7.411e-01             105.508           3.874e+01     
  64.000           0.000            7.204e-01          -3.004e+01             128.826           7.168e-01             105.758           3.890e+01     
  65.000           0.000            6.972e-01          -2.999e+01             128.402           6.935e-01             106.007           3.908e+01     
  66.000           0.000            6.749e-01          -2.995e+01             127.967           6.712e-01             106.254           3.927e+01     
  67.000           0.000            6.538e-01          -2.991e+01             127.522           6.500e-01             106.499           3.947e+01     
  68.000           0.000            6.338e-01          -2.987e+01             127.066           6.299e-01             106.741           3.970e+01     
  69.000           0.000            6.149e-01          -2.984e+01             126.600           6.109e-01             106.980           3.994e+01     
  70.000           0.000            5.971e-01          -2.981e+01             126.123           5.932e-01             107.217           4.000e+01     
  71.000           0.000            5.806e-01          -2.978e+01             125.636           5.766e-01             107.450           4.000e+01     
  72.000           0.000            5.654e-01          -2.975e+01             125.139           5.613e-01             107.680           4.000e+01     
  73.000           0.000            5.514e-01          -2.973e+01             124.632           5.473e-01             107.907           4.000e+01     
  74.000           0.000            5.387e-01          -2.970e+01             124.115           5.346e-01             108.130           4.000e+01     
  75.000           0.000            5.274e-01          -2.968e+01             123.588           5.232e-01             108.349           4.000e+01     
  76.000           0.000            5.174e-01          -2.966e+01             123.052           5.132e-01             108.564           4.000e+01     
  77.000           0.000            5.088e-01          -2.965e+01             122.507           5.046e-01             108.775           4.000e+01     
  78.000           0.000            5.016e-01          -2.963e+01             121.952           4.974e-01             108.982           4.000e+01     
  79.000           0.000            4.958e-01          -2.962e+01             121.389           4.916e-01             109.185           4.000e+01     
  80.000           0.000            4.915e-01          -2.961e+01             120.818           4.872e-01             109.382           4.000e+01     
  81.000           0.000            4.886e-01          -2.960e+01             120.238           4.843e-01             109.575           4.000e+01     
  82.000           0.000            4.872e-01          -2.959e+01             119.650           4.829e-01             109.764           4.000e+01     
  83.000           0.000            4.873e-01          -2.958e+01             119.055           4.830e-01             109.947           4.000e+01     
  84.000           0.000            4.889e-01          -2.958e+01             118.452           4.846e-01             110.126           4.000e+01     
  85.000           0.000            4.919e-01          -2.957e+01             117.843           4.876e-01             110.300           4.000e+01     
  86.000           0.000            4.965e-01          -2.957e+01             117.227           4.922e-01             110.468           4.000e+01     
  87.000           0.000            5.026e-01          -2.957e+01             116.605           4.983e-01             110.632           4.000e+01     
  88.000           0.000            5.102e-01          -2.957e+01             115.977           5.059e-01             110.790           4.000e+01     
  89.000           0.000            5.193e-01          -2.957e+01             115.344           5.151e-01             110.943           4.000e+01     
  90.000           0.000            5.300e-01          -2.957e+01             114.706           5.257e-01             111.091           4.000e+01     
  91.000           0.000            5.421e-01          -2.957e+01             114.063           5.379e-01             111.233           4.000e+01     
  92.000           0.000            5.557e-01          -2.957e+01             113.417           5.515e-01             111.371           4.000e+01     
  93.000           0.000            5.709e-01          -2.958e+01             112.767           5.667e-01             111.503           4.000e+01     
  94.000           0.000            5.875e-01          -2.958e+01             112.114           5.833e-01             111.630           4.000e+01     
  95.000           0.000            6.055e-01          -2.959e+01             111.459           6.014e-01             111.752           4.000e+01     
  96.000           0.000            6.251e-01          -2.960e+01             110.802           6.209e-01             111.869           4.000e+01     
  97.000           0.000            6.460e-01          -2.961e+01             110.143           6.419e-01             111.980           4.000e+01     
  98.000           0.000            6.684e-01          -2.962e+01             109.484           6.643e-01             112.087           4.000e+01     
  99.000           0.000            6.921e-01          -2.963e+01             108.824           6.881e-01             112.189           4.000e+01     
 100.000           0.000            7.173e-01          -2.964e+01             108.164           7.133e-01             112.286           4.000e+01     
 101.000           0.000            7.437e-01          -2.965e+01             107.505           7.398e-01             112.378           4.000e+01     
 102.000           0.000            7.715e-01          -2.967e+01             106.847           7.676e-01             112.466           4.000e+01     
 103.000           0.000            8.006e-01          -2.968e+01             106.190           7.967e-01             112.549           4.000e+01     
 104.000           0.000            8.309e-01          -2.970e+01             105.536           8.271e-01             112.628           4.000e+01     
 105.000           0.000            8.625e-01          -2.972e+01             104.885           8.587e-01             112.702           4.000e+01     
 106.000           0.000            8.952e-01          -2.974e+01             104.237           8.914e-01             112.772           4.000e+01     
 107.000           0.000            9.291e-01          -2.976e+01             103.592           9.254e-01             112.838           4.000e+01     
 108.000           0.000            9.641e-01          -2.978e+01             102.952           9.604e-01             112.900           4.000e+01     
 109.000           0.000            1.000e+00          -2.980e+01             102.316           9.966e-01             112.958           4.000e+01     
 110.000           0.000            1.037e+00          -2.983e+01             101.685           1.034e+00             113.012           4.000e+01     
 111.000           0.000            1.075e+00          -2.985e+01             101.060           1.072e+00             113.063           4.000e+01     
 112.000           0.000            1.115e+00          -2.988e+01             100.441           1.111e+00             113.110           4.000e+01     
 113.000           0.000            1.154e+00          -2.991e+01              99.828           1.151e+00             113.154           4.000e+01     
 114.000           0.000            1.195e+00          -2.994e+01              99.222           1.192e+00             113.195           4.000e+01     
 115.000           0.000            1.237e+00          -2.998e+01              98.624           1.234e+00             113.233           4.000e+01     
 116.000           0.000            1.279e+00          -3.001e+01              98.032           1.276e+00             113.267           4.000e+01     
 117.000           0.000            1.323e+00          -3.005e+01              97.449           1.319e+00             113.299           4.000e+01     
 118.000           0.000            1.366e+00          -3.009e+01              96.874           1.363e+00             113.328           4.000e+01     
 119.000           0.000            1.411e+00          -3.014e+01              96.307           1.408e+00             113.355           4.000e+01     
 120.000           0.000            1.456e+00          -3.018e+01              95.750           1.453e+00             113.379           4.000e+01     
 121.000           0.000            1.502e+00          -3.023e+01              95.201           1.499e+00             113.401           4.000e+01     
 122.000           0.000            1.548e+00          -3.028e+01              94.662           1.545e+00             113.421           4.000e+01     
 123.000           0.000            1.594e+00          -3.034e+01              94.133           1.591e+00             113.439           4.000e+01     
 124.000           0.000            1.641e+00          -3.039e+01              93.613           1.638e+00             113.455           4.000e+01     
 125.000           0.000            1.688e+00          -3.046e+01              93.104           1.685e+00             113.469           4.000e+01     
 126.000           0.000            1.735e+00          -3.052e+01              92.604           1.733e+00             113.482           4.000e+01     
 127.000           0.000            1.783e+00          -3.059e+01              92.116           1.781e+00             113.492           4.000e+01     
 128.000           0.000            1.831e+00          -3.066e+01              91.638           1.828e+00             113.502           4.000e+01     
 129.000           0.000            1.879e+00          -3.074e+01              91.171           1.876e+00             113.510           4.000e+01     
 130.000           0.000            1.927e+00          -3.082e+01              90.715           1.924e+00             113.517           4.000e+01     
 131.000           0.000            1.975e+00          -3.090e+01              90.270           1.972e+00             113.523           4.000e+01     
 132.000           0.000            2.023e+00          -3.099e+01              89.837           2.020e+00             113.527           4.000e+01     
 133.000           0.000            2.070e+00          -3.108e+01              89.415           2.068e+00             113.531           4.000e+01     
 134.000           0.000            2.118e+00          -3.118e+01              89.005           2.116e+00             113.534           4.000e+01     
 135.000           0.000            2.166e+00          -3.129e+01              88.606           2.164e+00             113.536           4.000e+01     
 136.000           0.000            2.213e+00          -3.140e+01              88.219           2.211e+00             113.537           4.000e+01     
 137.000           0.000            2.260e+00          -3.151e+01              87.845           2.258e+00             113.538           4.000e+01     
 138.000           0.000            2.306e+00          -3.163e+01              87.482           2.305e+00             113.538           4.000e+01     
 139.000           0.000            2.352e+00          -3.176e+01              87.132           2.351e+00             113.537           4.000e+01     
 140.000           0.000            2.398e+00          -3.190e+01              86.794           2.397e+00             113.536           4.000e+01     
 141.000           0.000            2.443e+00          -3.204e+01              86.469           2.442e+00             113.535           4.000e+01     
 142.000           0.000            2.488e+00          -3.219e+01              86.156           2.487e+00             113.533           4.000e+01     
 143.000           0.000            2.532e+00          -3.234e+01              85.856           2.531e+00             113.531           4.000e+01     
 144.000           0.000            2.576e+00          -3.251e+01              85.569           2.574e+00             113.529           4.000e+01     
 145.000           0.000            2.619e+00          -3.268e+01              85.296           2.617e+00             113.526           4.000e+01     
 146.000           0.000            2.661e+00          -3.286e+01              85.036           2.660e+00             113.524           4.000e+01     
 147.000           0.000            2.702e+00          -3.305e+01              84.790           2.701e+00             113.521           4.000e+01     
 148.000           0.000            2.743e+00          -3.325e+01              84.557           2.742e+00             113.518           4.000e+01     
 149.000           0.000            2.783e+00          -3.346e+01              84.340           2.781e+00             113.515           4.000e+01     
 150.000           0.000            2.821e+00          -3.368e+01              84.137           2.820e+00             113.512           4.000e+01     
 151.000           0.000            2.859e+00          -3.391e+01              83.949           2.858e+00             113.509           4.000e+01     
 152.000           0.000            2.896e+00          -3.416e+01              83.777           2.896e+00             113.506           4.000e+01     
 153.000           0.000            2.932e+00          -3.442e+01              83.621           2.932e+00             113.503           4.000e+01     
 154.000           0.000            2.968e+00          -3.469e+01              83.483           2.967e+00             113.500           4.000e+01     
 155.000           0.000            3.002e+00          -3.498e+01              83.362           3.001e+00             113.497           4.000e+01     
 156.000           0.000            3.034e+00          -3.528e+01              83.260           3.034e+00             113.494           4.000e+01     
 157.000           0.000            3.066e+00          -3.560e+01              83.178           3.066e+00             113.491           4.000e+01     
 158.000           0.000            3.097e+00          -3.594e+01              83.118           3.096e+00             113.488           4.000e+01     
 159.000           0.000            3.126e+00          -3.630e+01              83.081           3.126e+00             113.486           4.000e+01     
 160.000           0.000            3.155e+00          -3.668e+01              83.069           3.154e+00             113.483           4.000e+01     
 161.000           0.000            3.182e+00          -3.708e+01              83.085           3.181e+00             113.481           4.000e+01     
 162.000           0.000            3.208e+00          -3.751e+01              83.132           3.207e+00             113.479           4.000e+01     
 163.000           0.000            3.232e+00          -3.797e+01              83.213           3.232e+00             113.477           4.000e+01     
 164.000           0.000            3.256e+00          -3.847e+01              83.334           3.255e+00             113.475           4.000e+01     
 165.000           0.000            3.278e+00          -3.899e+01              83.499           3.277e+00             113.473           4.000e+01     
 166.000           0.000            3.298e+00          -3.956e+01              83.718           3.298e+00             113.471           4.000e+01     
 167.000           0.000            3.318e+00          -4.018e+01              84.000           3.317e+00             113.470           4.000e+01     
 168.000           0.000            3.336e+00          -4.085e+01              84.359           3.335e+00             113.469           4.000e+01     
 169.000           0.000            3.352e+00          -4.158e+01              84.813           3.352e+00             113.467           4.000e+01     
 170.000           0.000            3.367e+00          -4.239e+01              85.388           3.367e+00             113.466           4.000e+01     
 171.000           0.000            3.381e+00          -4.328e+01              86.122           3.381e+00             113.465           4.000e+01     
 172.000           0.000            3.394e+00          -4.429e+01              87.069           3.393e+00             113.465           4.000e+01     
 173.000           0.000            3.405e+00          -4.542e+01              88.318           3.404e+00             113.464           4.000e+01     
 174.000           0.000            3.414e+00          -4.673e+01              90.010           3.414e+00             113.463           4.000e+01     
 175.000           0.000            3.422e+00          -4.826e+01              92.397           3.422e+00             113.463           4.000e+01     
 176.000           0.000            3.429e+00          -5.010e+01              95.962           3.429e+00             113.463           4.000e+01     
 177.000           0.000            3.434e+00          -5.238e+01             101.744           3.434e+00             113.463           4.000e+01     
 178.000           0.000            3.437e+00          -5.525e+01             112.293           3.437e+00             113.463           4.000e+01     
 179.000           0.000            3.440e+00          -5.858e+01             134.303           3.440e+00             113.463           4.000e+01     
 180.000           0.000            3.440e+00          -6.005e+01             175.042           3.440e+00             113.464           4.000e+01     
 179.000         180.000            3.440e+00          -5.747e+01              30.078           3.440e+00             293.464           4.000e+01     
 178.000         180.000            3.437e+00          -5.422e+01              47.120           3.437e+00             293.465           4.000e+01     
 177.000         180.000            3.434e+00          -5.157e+01              55.656           3.434e+00             293.466           4.000e+01     
 176.000         180.000            3.429e+00          -4.946e+01              60.581           3.429e+00             293.467           4.000e+01     
 175.000         180.000            3.422e+00          -4.773e+01              63.755           3.422e+00             293.468           4.000e+01     
 174.000         180.000            3.414e+00          -4.628e+01              65.968           3.414e+00             293.470           4.000e+01     
 173.000         180.000            3.405e+00          -4.504e+01              67.606           3.404e+00             293.471           4.000e+01     
 172.000         180.000            3.394e+00          -4.396e+01              68.873           3.393e+00             293.473           4.000e+01     
 171.000         180.000            3.381e+00          -4.300e+01              69.891           3.381e+00             293.474           4.000e+01     
 170.000         180.000            3.367e+00          -4.214e+01              70.733           3.367e+00             293.476           4.000e+01     
 169.000         180.000            3.352e+00          -4.136e+01              71.449           3.352e+00             293.478           4.000e+01     
 168.000         180.000            3.336e+00          -4.065e+01              72.071           3.335e+00             293.481           4.000e+01     
 167.000         180.000            3.318e+00          -4.001e+01              72.623           3.318e+00             293.483           4.000e+01     
 166.000         180.000            3.298e+00          -3.941e+01              73.120           3.298e+00             293.485           4.000e+01     
 165.000         180.000            3.278e+00          -3.886e+01              73.576           3.277e+00             293.488           4.000e+01     
 164.000         180.000            3.256e+00          -3.834e+01              74.000           3.255e+00             293.491           4.000e+01     
 163.000         180.000            3.232e+00          -3.786e+01              74.399           3.232e+00             293.494           4.000e+01     
 162.000         180.000            3.208e+00          -3.742e+01              74.779           3.207e+00             293.497           4.000e+01     
 161.000         180.000            3.182e+00          -3.700e+01              75.144           3.182e+00             293.500           4.000e+01     
 160.000         180.000            3.155e+00          -3.660e+01              75.498           3.154e+00             293.503           4.000e+01     
 159.000         180.000            3.127e+00          -3.623e+01              75.844           3.126e+00             293.507           4.000e+01     
 158.000         180.000            3.097e+00          -3.589e+01              76.184           3.097e+00             293.510           4.000e+01     
 157.000         180.000            3.066e+00          -3.556e+01              76.521           3.066e+00             293.514           4.000e+01     
 156.000         180.000            3.035e+00          -3.525e+01              76.856           3.034e+00             293.518           4.000e+01     
 155.000         180.000            3.002e+00          -3.495e+01              77.191           3.001e+00             293.522           4.000e+01     
 154.000         180.000            2.968e+00          -3.467e+01              77.526           2.967e+00             293.526           4.000e+01     
 153.000         180.000            2.933e+00          -3.441e+01              77.864           2.932e+00             293.530           4.000e+01     
 152.000         180.000            2.897e+00          -3.416e+01              78.205           2.896e+00             293.534           4.000e+01     
 151.000         180.000            2.860e+00          -3.392e+01              78.550           2.859e+00             293.538           4.000e+01     
 150.000         180.000            2.822e+00          -3.369e+01              78.899           2.821e+00             293.542           4.000e+01     
 149.000         180.000            2.783e+00          -3.348e+01              79.254           2.782e+00             293.546           4.000e+01     
 148.000         180.000            2.743e+00          -3.328e+01              79.614           2.742e+00             293.550           4.000e+01     
 147.000         180.000            2.703e+00          -3.308e+01              79.981           2.702e+00             293.554           4.000e+01     
 146.000         180.000            2.661e+00          -3.290e+01              80.355           2.660e+00             293.557           4.000e+01     
 145.000         180.000            2.619e+00          -3.273e+01              80.736           2.618e+00             293.561           4.000e+01     
 144.000         180.000            2.577e+00          -3.256e+01              81.124           2.575e+00             293.564           4.000e+01     
 143.000         180.000            2.533e+00          -3.240e+01              81.521           2.532e+00             293.568           4.000e+01     
 142.000         180.000            2.489e+00          -3.225e+01              81.926           2.488e+00             293.571           4.000e+01     
 141.000         180.000            2.444e+00          -3.211e+01              82.340           2.443e+00             293.573           4.000e+01     
 140.000         180.000            2.399e+00          -3.197e+01              82.763           2.398e+00             293.575           4.000e+01     
 139.000         180.000            2.354e+00          -3.184e+01              83.195           2.352e+00             293.577           4.000e+01     
 138.000         180.000            2.308e+00          -3.172e+01              83.636           2.306e+00             293.579           4.000e+01     
 137.000         180.000            2.261e+00          -3.161e+01              84.088           2.259e+00             293.580           4.000e+01     
 136.000         180.000            2.214e+00          -3.150e+01              84.548           2.212e+00             293.580           3.999e+01     
 135.000         180.000            2.167e+00          -3.139e+01              85.019           2.165e+00             293.580           3.997e+01     
 134.000         180.000            2.120e+00          -3.129e+01              85.500           2.118e+00             293.578           3.996e+01     
 133.000         180.000            2.072e+00          -3.120e+01              85.991           2.070e+00             293.577           3.996e+01     
 132.000         180.000            2.024e+00          -3.111e+01              86.492           2.022e+00             293.574           3.997e+01     
 131.000         180.000            1.977e+00          -3.102e+01              87.004           1.974e+00             293.570           3.999e+01     
 130.000         180.000            1.929e+00          -3.094e+01              87.526           1.927e+00             293.565           4.000e+01     
 129.000         180.000            1.881e+00          -3.087e+01              88.059           1.879e+00             293.559           4.000e+01     
 128.000         180.000            1.833e+00          -3.080e+01              88.602           1.831e+00             293.552           4.000e+01     
 127.000         180.000            1.786e+00          -3.073e+01              89.155           1.783e+00             293.543           4.000e+01     
 126.000         180.000            1.738e+00          -3.066e+01              89.719           1.736e+00             293.533           4.000e+01     
 125.000         180.000            1.691e+00          -3.060e+01              90.293           1.688e+00             293.521           4.000e+01     
 124.000         180.000            1.644e+00          -3.055e+01              90.877           1.641e+00             293.508           4.000e+01     
 123.000         180.000            1.597e+00          -3.049e+01              91.472           1.594e+00             293.493           4.000e+01     
 122.000         180.000            1.551e+00          -3.044e+01              92.076           1.548e+00             293.476           4.000e+01     
 121.000         180.000            1.505e+00          -3.039e+01              92.691           1.502e+00             293.457           4.000e+01     
 120.000         180.000            1.459e+00          -3.035e+01              93.315           1.457e+00             293.436           4.000e+01     
 119.000         180.000            1.414e+00          -3.030e+01              93.949           1.412e+00             293.412           4.000e+01     
 118.000         180.000            1.370e+00          -3.026e+01              94.592           1.367e+00             293.386           4.000e+01     
 117.000         180.000            1.326e+00          -3.022e+01              95.244           1.323e+00             293.358           4.000e+01     
 116.000         180.000            1.283e+00          -3.019e+01              95.905           1.280e+00             293.326           4.000e+01     
 115.000         180.000            1.241e+00          -3.015e+01              96.574           1.238e+00             293.293           4.000e+01     
 114.000         180.000            1.200e+00          -3.012e+01              97.251           1.196e+00             293.256           4.000e+01     
 113.000         180.000            1.159e+00          -3.009e+01              97.936           1.156e+00             293.216           4.000e+01     
 112.000         180.000            1.119e+00          -3.006e+01              98.629           1.116e+00             293.172           4.000e+01     
 111.000         180.000            1.080e+00          -3.003e+01              99.329           1.077e+00             293.126           4.000e+01     
 110.000         180.000            1.042e+00          -3.000e+01             100.035           1.039e+00             293.076           4.000e+01     
 109.000         180.000            1.005e+00          -2.998e+01             100.747           1.002e+00             293.022           4.000e+01     
 108.000         180.000            9.693e-01          -2.995e+01             101.465           9.658e-01             292.965           4.000e+01     
 107.000         180.000            9.345e-01          -2.993e+01             102.188           9.309e-01             292.904           4.000e+01     
 106.000         180.000            9.008e-01          -2.991e+01             102.916           8.972e-01             292.838           4.000e+01     
 105.000         180.000            8.682e-01          -2.989e+01             103.648           8.645e-01             292.769           4.000e+01     
 104.000         180.000            8.368e-01          -2.987e+01             104.384           8.331e-01             292.695           4.000e+01     
 103.000         180.000            8.066e-01          -2.985e+01             105.123           8.029e-01             292.617           4.000e+01     
 102.000         180.000            7.777e-01          -2.983e+01             105.864           7.739e-01             292.535           4.000e+01     
 101.000         180.000            7.501e-01          -2.981e+01             106.608           7.462e-01             292.448           4.000e+01     
 100.000         180.000            7.237e-01          -2.979e+01             107.352           7.199e-01             292.356           4.000e+01     
  99.000         180.000            6.988e-01          -2.977e+01             108.098           6.949e-01             292.259           4.000e+01     
  98.000         180.000            6.752e-01          -2.976e+01             108.844           6.712e-01             292.158           4.000e+01     
  97.000         180.000            6.529e-01          -2.974e+01             109.589           6.490e-01             292.052           4.000e+01     
  96.000         180.000            6.321e-01          -2.973e+01             110.334           6.281e-01             291.941           4.000e+01     
  95.000         180.000            6.127e-01          -2.971e+01             111.077           6.087e-01             291.824           4.000e+01     
  94.000         180.000            5.948e-01          -2.970e+01             111.818           5.907e-01             291.703           4.000e+01     
  93.000         180.000            5.783e-01          -2.968e+01             112.556           5.742e-01             291.576           4.000e+01     
  92.000         180.000            5.633e-01          -2.967e+01             113.292           5.592e-01             291.445           4.000e+01     
  91.000         180.000            5.498e-01          -2.966e+01             114.023           5.457e-01             291.308           4.000e+01     
  90.000         180.000            5.378e-01          -2.965e+01             114.750           5.336e-01             291.166           4.000e+01     
  89.000         180.000            5.273e-01          -2.963e+01             115.472           5.231e-01             291.018           4.000e+01     
  88.000         180.000            5.183e-01          -2.962e+01             116.189           5.141e-01             290.866           4.000e+01     
  87.000         180.000            5.108e-01          -2.961e+01             116.901           5.065e-01             290.708           4.000e+01     
  86.000         180.000            5.048e-01          -2.960e+01             117.606           5.005e-01             290.545           4.000e+01     
  85.000         180.000            5.003e-01          -2.960e+01             118.304           4.960e-01             290.377           4.000e+01     
  84.000         180.000            4.973e-01          -2.959e+01             118.995           4.930e-01             290.204           4.000e+01     
  83.000         180.000            4.958e-01          -2.958e+01             119.679           4.915e-01             290.026           4.000e+01     
  82.000         180.000            4.958e-01          -2.957e+01             120.355           4.915e-01             289.842           4.000e+01     
  81.000         180.000            4.972e-01          -2.957e+01             121.022           4.930e-01             289.654           4.000e+01     
  80.000         180.000            5.002e-01          -2.957e+01             121.681           4.959e-01             289.462           4.000e+01     
  79.000         180.000            5.046e-01          -2.956e+01             122.332           5.003e-01             289.264           4.000e+01     
  78.000         180.000            5.104e-01          -2.956e+01             122.973           5.061e-01             289.062           4.000e+01     
  77.000         180.000            5.176e-01          -2.956e+01             123.604           5.134e-01             288.856           4.000e+01     
  76.000         180.000            5.263e-01          -2.956e+01             124.226           5.220e-01             288.645           4.000e+01     
  75.000         180.000            5.363e-01          -2.956e+01             124.838           5.320e-01             288.430           4.000e+01     
  74.000         180.000            5.476e-01          -2.957e+01             125.441           5.434e-01             288.211           4.000e+01     
  73.000         180.000            5.603e-01          -2.957e+01             126.033           5.561e-01             287.988           4.000e+01     
  72.000         180.000            5.743e-01          -2.958e+01             126.614           5.701e-01             287.762           3.997e+01     
  71.000         180.000            5.896e-01          -2.959e+01             127.186           5.854e-01             287.532           3.965e+01     
  70.000         180.000            6.061e-01          -2.960e+01             127.747           6.019e-01             287.298           3.935e+01     
  69.000         180.000            6.238e-01          -2.961e+01             128.297           6.197e-01             287.062           3.906e+01     
  68.000         180.000            6.427e-01          -2.963e+01             128.837           6.386e-01             286.823           3.880e+01     
  67.000         180.000            6.627e-01          -2.965e+01             129.366           6.586e-01             286.580           3.855e+01     
  66.000         180.000            6.838e-01          -2.967e+01             129.884           6.798e-01             286.336           3.832e+01     
  65.000         180.000            7.060e-01          -2.969e+01             130.392           7.020e-01             286.089           3.811e+01     
  64.000         180.000            7.292e-01          -2.971e+01             130.890           7.252e-01             285.840           3.791e+01     
  63.000         180.000            7.534e-01          -2.974e+01             131.376           7.495e-01             285.589           3.773e+01     
  62.000         180.000            7.785e-01          -2.977e+01             131.853           7.747e-01             285.336           3.756e+01     
  61.000         180.000            8.045e-01          -2.980e+01             132.319           8.007e-01             285.083           3.740e+01     
  60.000         180.000            8.314e-01          -2.984e+01             132.775           8.277e-01             284.827           3.725e+01     
  59.000         180.000            8.591e-01          -2.988e+01             133.220           8.554e-01             284.571           3.712e+01     
  58.000         180.000            8.876e-01          -2.992e+01             133.655           8.839e-01             284.315           3.700e+01     
  57.000         180.000            9.167e-01          -2.996e+01             134.081           9.132e-01             284.057           3.690e+01     
  56.000         180.000            9.466e-01          -3.001e+01             134.497           9.431e-01             283.800           3.680e+01     
  55.000         180.000            9.771e-01          -3.006e+01             134.903           9.736e-01             283.542           3.672e+01     
  54.000         180.000            1.008e+00          -3.012e+01             135.299           1.005e+00             283.285           3.664e+01     
  53.000         180.000            1.040e+00          -3.018e+01             135.687           1.036e+00             283.028           3.658e+01     
  52.000         180.000            1.072e+00          -3.024e+01             136.065           1.069e+00             282.772           3.652e+01     
  51.000         180.000            1.104e+00          -3.031e+01             136.434           1.101e+00             282.517           3.648e+01     
  50.000         180.000            1.137e+00          -3.038e+01             136.795           1.134e+00             282.262           3.645e+01     
  49.000         180.000            1.170e+00          -3.046e+01             137.147           1.167e+00             282.010           3.643e+01     
  48.000         180.000            1.204e+00          -3.054e+01             137.490           1.201e+00             281.758           3.641e+01     
  47.000         180.000            1.238e+00          -3.062e+01             137.826           1.235e+00             281.509           3.641e+01     
  46.000         180.000            1.271e+00          -3.071e+01             138.154           1.269e+00             281.262           3.642e+01     
  45.000         180.000            1.305e+00          -3.081e+01             138.474           1.303e+00             281.016           3.643e+01     
  44.000         180.000            1.340e+00          -3.090e+01             138.787           1.337e+00             280.774           3.646e+01     
  43.000         180.000            1.374e+00          -3.101e+01             139.092           1.371e+00             280.534           3.649e+01     
  42.000         180.000            1.408e+00          -3.112e+01             139.391           1.405e+00             280.296           3.653e+01     
  41.000         180.000            1.442e+00          -3.124e+01             139.683           1.440e+00             280.062           3.659e+01     
  40.000         180.000            1.476e+00          -3.136e+01             139.969           1.474e+00             279.831           3.665e+01     
  39.000         180.000            1.510e+00          -3.149e+01             140.249           1.508e+00             279.603           3.672e+01     
  38.000         180.000            1.543e+00          -3.162e+01             140.524           1.541e+00             279.379           3.680e+01     
  37.000         180.000            1.577e+00          -3.176e+01             140.793           1.575e+00             279.159           3.689e+01     
  36.000         180.000            1.610e+00          -3.191e+01             141.057           1.608e+00             278.942           3.699e+01     
  35.000         180.000            1.642e+00          -3.207e+01             141.316           1.641e+00             278.730           3.710e+01     
  34.000         180.000            1.675e+00          -3.223e+01             141.572           1.673e+00             278.522           3.722e+01     
  33.000         180.000            1.707e+00          -3.240e+01             141.823           1.705e+00             278.318           3.735e+01     
  32.000         180.000            1.738e+00          -3.258e+01             142.071           1.736e+00             278.119           3.749e+01     
  31.000         180.000            1.769e+00          -3.277e+01             142.316           1.767e+00             277.925           3.764e+01     
  30.000         180.000            1.799e+00          -3.296e+01             142.559           1.798e+00             277.735           3.780e+01     
  29.000         180.000            1.829e+00          -3.317e+01             142.799           1.828e+00             277.550           3.797e+01     
  28.000         180.000            1.858e+00          -3.338e+01             143.039           1.857e+00             277.371           3.815e+01     
  27.000         180.000            1.887e+00          -3.361e+01             143.277           1.885e+00             277.197           3.835e+01     
  26.000         180.000            1.914e+00          -3.385e+01             143.516           1.913e+00             277.028           3.855e+01     
  25.000         180.000            1.941e+00          -3.410e+01             143.756           1.940e+00             276.864           3.877e+01     
  24.000         180.000            1.968e+00          -3.436e+01             143.997           1.967e+00             276.706           3.901e+01     
  23.000         180.000            1.993e+00          -3.464e+01             144.241           1.992e+00             276.554           3.925e+01     
  22.000         180.000            2.018e+00          -3.493e+01             144.489           2.017e+00             276.407           3.951e+01     
  21.000         180.000            2.041e+00          -3.523e+01             144.742           2.040e+00             276.266           3.979e+01     
  20.000         180.000            2.064e+00          -3.555e+01             145.001           2.063e+00             276.131           4.000e+01     
  19.000         180.000            2.086e+00          -3.589e+01             145.269           2.085e+00             276.002           4.000e+01     
  18.000         180.000            2.107e+00          -3.625e+01             145.548           2.106e+00             275.880           4.000e+01     
  17.000         180.000            2.127e+00          -3.663e+01             145.839           2.126e+00             275.763           4.000e+01     
  16.000         180.000            2.146e+00          -3.703e+01             146.146           2.145e+00             275.653           4.000e+01     
  15.000         180.000            2.163e+00          -3.746e+01             146.472           2.163e+00             275.549           4.000e+01     
  14.000         180.000            2.180e+00          -3.791e+01             146.822           2.180e+00             275.451           4.000e+01     
  13.000         180.000            2.196e+00          -3.840e+01             147.201           2.196e+00             275.360           4.000e+01     
  12.000         180.000            2.211e+00          -3.891e+01             147.615           2.210e+00             275.275           4.000e+01     
  11.000         180.000            2.224e+00          -3.947e+01             148.073           2.224e+00             275.197           4.000e+01     
  10.000         180.000            2.237e+00          -4.007e+01             148.586           2.236e+00             275.125           4.000e+01     
   9.000         180.000            2.248e+00          -4.072e+01             149.168           2.248e+00             275.060           4.000e+01     
   8.000         180.000            2.258e+00          -4.142e+01             149.839           2.258e+00             275.002           4.000e+01     
   7.000         180.000            2.267e+00          -4.220e+01             150.625           2.267e+00             274.950           4.000e+01     
   6.000         180.000            2.275e+00          -4.305e+01             151.564           2.274e+00             274.905           4.000e+01     
   5.000         180.000            2.281e+00          -4.400e+01             152.711           2.281e+00             274.866           4.000e+01     
   4.000         180.000            2.286e+00          -4.506e+01             154.150           2.286e+00             274.835           4.000e+01     
   3.000         180.000            2.291e+00          -4.627e+01             156.013           2.291e+00             274.810           4.000e+01     
   2.000         180.000            2.294e+00          -4.767e+01             158.525           2.294e+00             274.792           4.000e+01     
   1.000         180.000            2.295e+00          -4.932e+01             162.088           2.295e+00             274.781           4.000e+01     
