Theta[deg.]     Phi[deg.]         Abs(Gain)[dBi]      Abs(Theta)[dBi]    Phase(Theta)[deg.]   Abs(Phi)[dBi]      Phase(Phi)[deg.]     Ax.Ratio[dB]    
   0.000          90.000            2.296e+00           2.296e+00              94.777          -5.129e+01             167.498           4.000e+01     
   1.000          90.000            2.382e+00           2.382e+00              95.034          -5.159e+01             168.208           4.000e+01     
   2.000          90.000            2.463e+00           2.463e+00              95.288          -5.191e+01             168.971           4.000e+01     
   3.000          90.000            2.540e+00           2.540e+00              95.539          -5.223e+01             169.794           4.000e+01     
   4.000          90.000            2.612e+00           2.612e+00              95.786          -5.256e+01             170.681           4.000e+01     
   5.000          90.000            2.679e+00           2.679e+00              96.029          -5.290e+01             171.639           4.000e+01     
   6.000          90.000            2.742e+00           2.742e+00              96.269          -5.325e+01             172.674           4.000e+01     
   7.000          90.000            2.800e+00           2.800e+00              96.506          -5.361e+01             173.793           4.000e+01     
   8.000          90.000            2.854e+00           2.854e+00              96.739          -5.398e+01             175.004           4.000e+01     
   9.000          90.000            2.903e+00           2.903e+00              96.970          -5.437e+01             176.316           4.000e+01     
  10.000          90.000            2.947e+00           2.947e+00              97.197          -5.476e+01             177.739           4.000e+01     
  11.000          90.000            2.986e+00           2.986e+00              97.421          -5.516e+01             179.283           4.000e+01     
  12.000          90.000            3.021e+00           3.021e+00              97.642          -5.557e+01             180.962           4.000e+01     
  13.000          90.000            3.052e+00           3.052e+00              97.860          -5.599e+01             182.787           4.000e+01     
  14.000          90.000            3.077e+00           3.077e+00              98.075          -5.642e+01             184.774           4.000e+01     
  15.000          90.000            3.098e+00           3.098e+00              98.287          -5.685e+01             186.938           4.000e+01     
  16.000          90.000            3.114e+00           3.114e+00              98.496          -5.729e+01             189.296           4.000e+01     
  17.000          90.000            3.126e+00           3.126e+00              98.702          -5.772e+01             191.862           4.000e+01     
  18.000          90.000            3.133e+00           3.133e+00              98.906          -5.816e+01             194.654           4.000e+01     
  19.000          90.000            3.135e+00           3.135e+00              99.106          -5.859e+01             197.687           4.000e+01     
  20.000          90.000            3.132e+00           3.132e+00              99.304          -5.901e+01             200.972           4.000e+01     
  21.000          90.000            3.125e+00           3.125e+00              99.499          -5.942e+01             204.517           4.000e+01     
  22.000          90.000            3.113e+00           3.113e+00              99.691          -5.980e+01             208.323           4.000e+01     
  23.000          90.000            3.096e+00           3.096e+00              99.880          -6.015e+01             212.382           4.000e+01     
  24.000          90.000            3.074e+00           3.074e+00             100.066          -6.047e+01             216.675           4.000e+01     
  25.000          90.000            3.048e+00           3.048e+00             100.249          -6.074e+01             221.172           4.000e+01     
  26.000          90.000            3.017e+00           3.017e+00             100.429          -6.096e+01             225.830           4.000e+01     
  27.000          90.000            2.981e+00           2.981e+00             100.607          -6.113e+01             230.593           4.000e+01     
  28.000          90.000            2.940e+00           2.940e+00             100.781          -6.124e+01             235.399           4.000e+01     
  29.000          90.000            2.894e+00           2.894e+00             100.952          -6.129e+01             240.182           4.000e+01     
  30.000          90.000            2.843e+00           2.843e+00             101.120          -6.129e+01             244.880           4.000e+01     
  31.000          90.000            2.787e+00           2.787e+00             101.285          -6.123e+01             249.436           4.000e+01     
  32.000          90.000            2.727e+00           2.727e+00             101.447          -6.113e+01             253.805           4.000e+01     
  33.000          90.000            2.661e+00           2.661e+00             101.606          -6.099e+01             257.951           4.000e+01     
  34.000          90.000            2.590e+00           2.590e+00             101.761          -6.082e+01             261.856           4.000e+01     
  35.000          90.000            2.514e+00           2.514e+00             101.913          -6.063e+01             265.508           4.000e+01     
  36.000          90.000            2.432e+00           2.432e+00             102.061          -6.042e+01             268.908           4.000e+01     
  37.000          90.000            2.346e+00           2.346e+00             102.205          -6.019e+01             272.061           4.000e+01     
  38.000          90.000            2.254e+00           2.254e+00             102.346          -5.996e+01             274.980           4.000e+01     
  39.000          90.000            2.156e+00           2.156e+00             102.483          -5.972e+01             277.678           4.000e+01     
  40.000          90.000            2.053e+00           2.053e+00             102.616          -5.949e+01             280.172           4.000e+01     
  41.000          90.000            1.945e+00           1.945e+00             102.744          -5.926e+01             282.478           4.000e+01     
  42.000          90.000            1.831e+00           1.831e+00             102.868          -5.903e+01             284.612           4.000e+01     
  43.000          90.000            1.711e+00           1.711e+00             102.988          -5.881e+01             286.591           4.000e+01     
  44.000          90.000            1.585e+00           1.585e+00             103.103          -5.859e+01             288.427           4.000e+01     
  45.000          90.000            1.453e+00           1.453e+00             103.213          -5.838e+01             290.136           4.000e+01     
  46.000          90.000            1.315e+00           1.315e+00             103.318          -5.818e+01             291.730           4.000e+01     
  47.000          90.000            1.171e+00           1.171e+00             103.417          -5.799e+01             293.219           4.000e+01     
  48.000          90.000            1.020e+00           1.020e+00             103.510          -5.780e+01             294.614           4.000e+01     
  49.000          90.000            8.629e-01           8.629e-01             103.597          -5.763e+01             295.924           4.000e+01     
  50.000          90.000            6.987e-01           6.987e-01             103.678          -5.746e+01             297.157           4.000e+01     
  51.000          90.000            5.275e-01           5.275e-01             103.752          -5.730e+01             298.321           4.000e+01     
  52.000          90.000            3.491e-01           3.491e-01             103.819          -5.715e+01             299.423           4.000e+01     
  53.000          90.000            1.632e-01           1.632e-01             103.878          -5.701e+01             300.467           4.000e+01     
  54.000          90.000           -3.048e-02          -3.049e-02             103.929          -5.687e+01             301.460           4.000e+01     
  55.000          90.000           -2.322e-01          -2.322e-01             103.970          -5.674e+01             302.407           4.000e+01     
  56.000          90.000           -4.423e-01          -4.423e-01             104.003          -5.662e+01             303.311           4.000e+01     
  57.000          90.000           -6.611e-01          -6.611e-01             104.025          -5.650e+01             304.176           4.000e+01     
  58.000          90.000           -8.891e-01          -8.891e-01             104.036          -5.640e+01             305.006           4.000e+01     
  59.000          90.000           -1.127e+00          -1.127e+00             104.035          -5.629e+01             305.804           4.000e+01     
  60.000          90.000           -1.374e+00          -1.374e+00             104.021          -5.619e+01             306.573           4.000e+01     
  61.000          90.000           -1.632e+00          -1.632e+00             103.993          -5.610e+01             307.316           4.000e+01     
  62.000          90.000           -1.901e+00          -1.901e+00             103.949          -5.601e+01             308.034           4.000e+01     
  63.000          90.000           -2.182e+00          -2.182e+00             103.888          -5.593e+01             308.729           4.000e+01     
  64.000          90.000           -2.476e+00          -2.476e+00             103.809          -5.585e+01             309.404           4.000e+01     
  65.000          90.000           -2.782e+00          -2.782e+00             103.709          -5.578e+01             310.061           4.000e+01     
  66.000          90.000           -3.103e+00          -3.103e+00             103.585          -5.571e+01             310.700           4.000e+01     
  67.000          90.000           -3.439e+00          -3.439e+00             103.436          -5.564e+01             311.323           4.000e+01     
  68.000          90.000           -3.792e+00          -3.792e+00             103.258          -5.558e+01             311.931           4.000e+01     
  69.000          90.000           -4.162e+00          -4.162e+00             103.047          -5.552e+01             312.526           4.000e+01     
  70.000          90.000           -4.551e+00          -4.551e+00             102.798          -5.546e+01             313.108           4.000e+01     
  71.000          90.000           -4.961e+00          -4.961e+00             102.507          -5.541e+01             313.679           4.000e+01     
  72.000          90.000           -5.393e+00          -5.393e+00             102.167          -5.536e+01             314.239           4.000e+01     
  73.000          90.000           -5.850e+00          -5.850e+00             101.769          -5.531e+01             314.788           4.000e+01     
  74.000          90.000           -6.335e+00          -6.335e+00             101.305          -5.526e+01             315.328           4.000e+01     
  75.000          90.000           -6.850e+00          -6.850e+00             100.762          -5.522e+01             315.860           4.000e+01     
  76.000          90.000           -7.399e+00          -7.399e+00             100.124          -5.518e+01             316.382           4.000e+01     
  77.000          90.000           -7.986e+00          -7.986e+00              99.372          -5.514e+01             316.897           4.000e+01     
  78.000          90.000           -8.616e+00          -8.616e+00              98.482          -5.510e+01             317.404           4.000e+01     
  79.000          90.000           -9.294e+00          -9.294e+00              97.418          -5.506e+01             317.904           4.000e+01     
  80.000          90.000           -1.003e+01          -1.003e+01              96.136          -5.502e+01             318.396           4.000e+01     
  81.000          90.000           -1.083e+01          -1.083e+01              94.575          -5.499e+01             318.882           4.000e+01     
  82.000          90.000           -1.170e+01          -1.170e+01              92.648          -5.495e+01             319.361           4.000e+01     
  83.000          90.000           -1.265e+01          -1.265e+01              90.233          -5.492e+01             319.834           4.000e+01     
  84.000          90.000           -1.370e+01          -1.370e+01              87.146          -5.489e+01             320.300           4.000e+01     
  85.000          90.000           -1.486e+01          -1.486e+01              83.117          -5.486e+01             320.760           4.000e+01     
  86.000          90.000           -1.613e+01          -1.614e+01              77.731          -5.483e+01             321.214           3.966e+01     
  87.000          90.000           -1.750e+01          -1.750e+01              70.371          -5.480e+01             321.661           3.777e+01     
  88.000          90.000           -1.888e+01          -1.888e+01              60.193          -5.477e+01             322.102           3.598e+01     
  89.000          90.000           -2.006e+01          -2.006e+01              46.402          -5.474e+01             322.537           3.472e+01     
  90.000          90.000           -2.070e+01          -2.070e+01              29.247          -5.471e+01             322.966           3.477e+01     
  91.000          90.000           -2.050e+01          -2.050e+01              11.144          -5.468e+01             323.388           3.679e+01     
  92.000          90.000           -1.956e+01          -1.956e+01             355.331          -5.465e+01             323.804           4.000e+01     
  93.000          90.000           -1.825e+01          -1.825e+01             343.215          -5.462e+01             324.213           4.000e+01     
  94.000          90.000           -1.686e+01          -1.686e+01             334.399          -5.460e+01             324.616           4.000e+01     
  95.000          90.000           -1.552e+01          -1.552e+01             327.996          -5.457e+01             325.012           4.000e+01     
  96.000          90.000           -1.429e+01          -1.429e+01             323.256          -5.455e+01             325.401           4.000e+01     
  97.000          90.000           -1.318e+01          -1.318e+01             319.661          -5.452e+01             325.783           4.000e+01     
  98.000          90.000           -1.216e+01          -1.216e+01             316.867          -5.450e+01             326.158           4.000e+01     
  99.000          90.000           -1.124e+01          -1.124e+01             314.649          -5.447e+01             326.526           4.000e+01     
 100.000          90.000           -1.040e+01          -1.040e+01             312.854          -5.445e+01             326.887           4.000e+01     
 101.000          90.000           -9.624e+00          -9.624e+00             311.377          -5.443e+01             327.240           4.000e+01     
 102.000          90.000           -8.909e+00          -8.909e+00             310.144          -5.441e+01             327.585           4.000e+01     
 103.000          90.000           -8.247e+00          -8.247e+00             309.103          -5.438e+01             327.923           4.000e+01     
 104.000          90.000           -7.630e+00          -7.631e+00             308.213          -5.437e+01             328.253           4.000e+01     
 105.000          90.000           -7.054e+00          -7.054e+00             307.446          -5.435e+01             328.575           4.000e+01     
 106.000          90.000           -6.514e+00          -6.514e+00             306.778          -5.433e+01             328.889           4.000e+01     
 107.000          90.000           -6.006e+00          -6.006e+00             306.193          -5.431e+01             329.195           4.000e+01     
 108.000          90.000           -5.527e+00          -5.527e+00             305.676          -5.430e+01             329.493           4.000e+01     
 109.000          90.000           -5.074e+00          -5.074e+00             305.216          -5.429e+01             329.782           4.000e+01     
 110.000          90.000           -4.645e+00          -4.645e+00             304.804          -5.427e+01             330.063           4.000e+01     
 111.000          90.000           -4.238e+00          -4.238e+00             304.434          -5.427e+01             330.336           4.000e+01     
 112.000          90.000           -3.850e+00          -3.850e+00             304.099          -5.426e+01             330.600           4.000e+01     
 113.000          90.000           -3.481e+00          -3.481e+00             303.795          -5.425e+01             330.855           4.000e+01     
 114.000          90.000           -3.128e+00          -3.128e+00             303.517          -5.425e+01             331.102           4.000e+01     
 115.000          90.000           -2.791e+00          -2.791e+00             303.261          -5.425e+01             331.340           4.000e+01     
 116.000          90.000           -2.469e+00          -2.469e+00             303.025          -5.425e+01             331.569           4.000e+01     
 117.000          90.000           -2.160e+00          -2.160e+00             302.806          -5.426e+01             331.789           4.000e+01     
 118.000          90.000           -1.865e+00          -1.865e+00             302.602          -5.427e+01             332.000           4.000e+01     
 119.000          90.000           -1.581e+00          -1.581e+00             302.412          -5.428e+01             332.203           4.000e+01     
 120.000          90.000           -1.308e+00          -1.308e+00             302.233          -5.429e+01             332.396           4.000e+01     
 121.000          90.000           -1.047e+00          -1.047e+00             302.063          -5.431e+01             332.580           4.000e+01     
 122.000          90.000           -7.949e-01          -7.950e-01             301.903          -5.433e+01             332.755           4.000e+01     
 123.000          90.000           -5.530e-01          -5.530e-01             301.750          -5.436e+01             332.921           4.000e+01     
 124.000          90.000           -3.202e-01          -3.202e-01             301.604          -5.439e+01             333.078           4.000e+01     
 125.000          90.000           -9.623e-02          -9.625e-02             301.464          -5.443e+01             333.225           4.000e+01     
 126.000          90.000            1.194e-01           1.193e-01             301.329          -5.447e+01             333.363           4.000e+01     
 127.000          90.000            3.269e-01           3.269e-01             301.198          -5.451e+01             333.491           4.000e+01     
 128.000          90.000            5.267e-01           5.267e-01             301.071          -5.457e+01             333.610           4.000e+01     
 129.000          90.000            7.190e-01           7.190e-01             300.947          -5.462e+01             333.718           4.000e+01     
 130.000          90.000            9.041e-01           9.041e-01             300.826          -5.469e+01             333.817           4.000e+01     
 131.000          90.000            1.082e+00           1.082e+00             300.707          -5.476e+01             333.905           4.000e+01     
 132.000          90.000            1.254e+00           1.254e+00             300.590          -5.483e+01             333.983           4.000e+01     
 133.000          90.000            1.419e+00           1.419e+00             300.474          -5.492e+01             334.050           4.000e+01     
 134.000          90.000            1.577e+00           1.577e+00             300.360          -5.501e+01             334.106           4.000e+01     
 135.000          90.000            1.730e+00           1.730e+00             300.246          -5.511e+01             334.151           4.000e+01     
 136.000          90.000            1.876e+00           1.876e+00             300.132          -5.522e+01             334.184           4.000e+01     
 137.000          90.000            2.016e+00           2.016e+00             300.019          -5.534e+01             334.204           4.000e+01     
 138.000          90.000            2.151e+00           2.151e+00             299.906          -5.547e+01             334.212           4.000e+01     
 139.000          90.000            2.280e+00           2.280e+00             299.792          -5.561e+01             334.206           4.000e+01     
 140.000          90.000            2.404e+00           2.404e+00             299.678          -5.575e+01             334.185           4.000e+01     
 141.000          90.000            2.522e+00           2.522e+00             299.564          -5.592e+01             334.149           4.000e+01     
 142.000          90.000            2.634e+00           2.634e+00             299.448          -5.609e+01             334.097           4.000e+01     
 143.000          90.000            2.742e+00           2.742e+00             299.332          -5.628e+01             334.027           4.000e+01     
 144.000          90.000            2.844e+00           2.844e+00             299.214          -5.648e+01             333.938           4.000e+01     
 145.000          90.000            2.942e+00           2.942e+00             299.095          -5.669e+01             333.827           4.000e+01     
 146.000          90.000            3.034e+00           3.034e+00             298.975          -5.693e+01             333.694           4.000e+01     
 147.000          90.000            3.121e+00           3.121e+00             298.853          -5.718e+01             333.535           4.000e+01     
 148.000          90.000            3.204e+00           3.204e+00             298.729          -5.745e+01             333.348           4.000e+01     
 149.000          90.000            3.281e+00           3.281e+00             298.604          -5.774e+01             333.129           4.000e+01     
 150.000          90.000            3.354e+00           3.354e+00             298.477          -5.805e+01             332.873           4.000e+01     
 151.000          90.000            3.422e+00           3.422e+00             298.348          -5.839e+01             332.575           4.000e+01     
 152.000          90.000            3.485e+00           3.485e+00             298.216          -5.876e+01             332.229           4.000e+01     
 153.000          90.000            3.544e+00           3.544e+00             298.083          -5.915e+01             331.826           4.000e+01     
 154.000          90.000            3.598e+00           3.598e+00             297.947          -5.958e+01             331.355           4.000e+01     
 155.000          90.000            3.647e+00           3.647e+00             297.810          -6.005e+01             330.805           4.000e+01     
 156.000          90.000            3.692e+00           3.692e+00             297.669          -6.056e+01             330.157           4.000e+01     
 157.000          90.000            3.732e+00           3.732e+00             297.527          -6.112e+01             329.388           4.000e+01     
 158.000          90.000            3.768e+00           3.768e+00             297.381          -6.174e+01             328.469           4.000e+01     
 159.000          90.000            3.799e+00           3.799e+00             297.234          -6.242e+01             327.358           4.000e+01     
 160.000          90.000            3.826e+00           3.826e+00             297.083          -6.318e+01             325.996           4.000e+01     
 161.000          90.000            3.848e+00           3.848e+00             296.931          -6.402e+01             324.300           4.000e+01     
 162.000          90.000            3.866e+00           3.866e+00             296.775          -6.497e+01             322.143           4.000e+01     
 163.000          90.000            3.880e+00           3.880e+00             296.616          -6.605e+01             319.333           4.000e+01     
 164.000          90.000            3.889e+00           3.889e+00             296.455          -6.728e+01             315.559           4.000e+01     
 165.000          90.000            3.893e+00           3.893e+00             296.291          -6.869e+01             310.305           4.000e+01     
 166.000          90.000            3.893e+00           3.893e+00             296.124          -7.027e+01             302.692           4.000e+01     
 167.000          90.000            3.889e+00           3.889e+00             295.954          -7.197e+01             291.285           4.000e+01     
 168.000          90.000            3.881e+00           3.881e+00             295.781          -7.346e+01             274.324           4.000e+01     
 169.000          90.000            3.868e+00           3.868e+00             295.605          -7.408e+01             252.026           4.000e+01     
 170.000          90.000            3.850e+00           3.850e+00             295.426          -7.334e+01             229.651           4.000e+01     
 171.000          90.000            3.829e+00           3.829e+00             295.245          -7.170e+01             212.554           4.000e+01     
 172.000          90.000            3.803e+00           3.803e+00             295.059          -6.985e+01             201.041           4.000e+01     
 173.000          90.000            3.773e+00           3.773e+00             294.871          -6.810e+01             193.360           4.000e+01     
 174.000          90.000            3.738e+00           3.738e+00             294.680          -6.654e+01             188.063           4.000e+01     
 175.000          90.000            3.699e+00           3.699e+00             294.485          -6.515e+01             184.259           4.000e+01     
 176.000          90.000            3.656e+00           3.656e+00             294.288          -6.391e+01             181.428           4.000e+01     
 177.000          90.000            3.609e+00           3.609e+00             294.087          -6.280e+01             179.254           4.000e+01     
 178.000          90.000            3.557e+00           3.557e+00             293.882          -6.180e+01             177.543           4.000e+01     
 179.000          90.000            3.501e+00           3.501e+00             293.675          -6.089e+01             176.169           4.000e+01     
 180.000          90.000            3.440e+00           3.440e+00             293.464          -6.005e+01             175.042           4.000e+01     
 179.000         270.000            3.376e+00           3.376e+00             113.250          -5.928e+01             354.111           4.000e+01     
 178.000         270.000            3.307e+00           3.307e+00             113.032          -5.857e+01             353.331           4.000e+01     
 177.000         270.000            3.234e+00           3.234e+00             112.812          -5.790e+01             352.670           4.000e+01     
 176.000         270.000            3.157e+00           3.157e+00             112.588          -5.728e+01             352.106           4.000e+01     
 175.000         270.000            3.075e+00           3.075e+00             112.361          -5.670e+01             351.622           4.000e+01     
 174.000         270.000            2.989e+00           2.989e+00             112.130          -5.615e+01             351.203           4.000e+01     
 173.000         270.000            2.899e+00           2.899e+00             111.896          -5.563e+01             350.841           4.000e+01     
 172.000         270.000            2.805e+00           2.805e+00             111.659          -5.514e+01             350.525           4.000e+01     
 171.000         270.000            2.707e+00           2.707e+00             111.418          -5.467e+01             350.250           4.000e+01     
 170.000         270.000            2.604e+00           2.604e+00             111.174          -5.423e+01             350.009           4.000e+01     
 169.000         270.000            2.498e+00           2.498e+00             110.927          -5.381e+01             349.799           4.000e+01     
 168.000         270.000            2.387e+00           2.387e+00             110.676          -5.341e+01             349.616           4.000e+01     
 167.000         270.000            2.272e+00           2.272e+00             110.423          -5.303e+01             349.456           4.000e+01     
 166.000         270.000            2.153e+00           2.153e+00             110.166          -5.266e+01             349.318           4.000e+01     
 165.000         270.000            2.029e+00           2.029e+00             109.905          -5.231e+01             349.197           4.000e+01     
 164.000         270.000            1.902e+00           1.902e+00             109.642          -5.198e+01             349.094           4.000e+01     
 163.000         270.000            1.771e+00           1.771e+00             109.376          -5.166e+01             349.005           4.000e+01     
 162.000         270.000            1.635e+00           1.635e+00             109.106          -5.135e+01             348.930           4.000e+01     
 161.000         270.000            1.495e+00           1.495e+00             108.833          -5.105e+01             348.868           4.000e+01     
 160.000         270.000            1.352e+00           1.352e+00             108.558          -5.077e+01             348.817           4.000e+01     
 159.000         270.000            1.204e+00           1.204e+00             108.279          -5.050e+01             348.776           4.000e+01     
 158.000         270.000            1.052e+00           1.052e+00             107.998          -5.024e+01             348.744           4.000e+01     
 157.000         270.000            8.965e-01           8.965e-01             107.714          -4.999e+01             348.722           4.000e+01     
 156.000         270.000            7.368e-01           7.367e-01             107.427          -4.975e+01             348.707           4.000e+01     
 155.000         270.000            5.730e-01           5.730e-01             107.138          -4.951e+01             348.699           4.000e+01     
 154.000         270.000            4.053e-01           4.053e-01             106.846          -4.929e+01             348.699           4.000e+01     
 153.000         270.000            2.337e-01           2.336e-01             106.552          -4.907e+01             348.705           4.000e+01     
 152.000         270.000            5.812e-02           5.806e-02             106.256          -4.887e+01             348.716           4.000e+01     
 151.000         270.000           -1.214e-01          -1.214e-01             105.957          -4.867e+01             348.733           4.000e+01     
 150.000         270.000           -3.048e-01          -3.048e-01             105.657          -4.847e+01             348.755           4.000e+01     
 149.000         270.000           -4.920e-01          -4.921e-01             105.356          -4.829e+01             348.781           4.000e+01     
 148.000         270.000           -6.831e-01          -6.832e-01             105.052          -4.811e+01             348.812           4.000e+01     
 147.000         270.000           -8.781e-01          -8.782e-01             104.748          -4.793e+01             348.847           4.000e+01     
 146.000         270.000           -1.077e+00          -1.077e+00             104.442          -4.777e+01             348.885           4.000e+01     
 145.000         270.000           -1.280e+00          -1.280e+00             104.136          -4.761e+01             348.926           4.000e+01     
 144.000         270.000           -1.486e+00          -1.486e+00             103.829          -4.745e+01             348.970           4.000e+01     
 143.000         270.000           -1.696e+00          -1.696e+00             103.522          -4.730e+01             349.017           4.000e+01     
 142.000         270.000           -1.910e+00          -1.910e+00             103.215          -4.716e+01             349.066           4.000e+01     
 141.000         270.000           -2.128e+00          -2.128e+00             102.909          -4.702e+01             349.118           4.000e+01     
 140.000         270.000           -2.350e+00          -2.350e+00             102.603          -4.689e+01             349.171           4.000e+01     
 139.000         270.000           -2.575e+00          -2.575e+00             102.299          -4.676e+01             349.226           4.000e+01     
 138.000         270.000           -2.804e+00          -2.804e+00             101.996          -4.663e+01             349.282           4.000e+01     
 137.000         270.000           -3.037e+00          -3.037e+00             101.696          -4.651e+01             349.339           4.000e+01     
 136.000         270.000           -3.274e+00          -3.274e+00             101.398          -4.640e+01             349.397           4.000e+01     
 135.000         270.000           -3.514e+00          -3.514e+00             101.103          -4.629e+01             349.456           4.000e+01     
 134.000         270.000           -3.758e+00          -3.758e+00             100.812          -4.618e+01             349.514           4.000e+01     
 133.000         270.000           -4.006e+00          -4.006e+00             100.526          -4.607e+01             349.573           4.000e+01     
 132.000         270.000           -4.258e+00          -4.258e+00             100.245          -4.597e+01             349.632           4.000e+01     
 131.000         270.000           -4.514e+00          -4.514e+00              99.969          -4.588e+01             349.691           4.000e+01     
 130.000         270.000           -4.773e+00          -4.774e+00              99.700          -4.578e+01             349.749           4.000e+01     
 129.000         270.000           -5.037e+00          -5.037e+00              99.439          -4.569e+01             349.806           4.000e+01     
 128.000         270.000           -5.304e+00          -5.305e+00              99.186          -4.561e+01             349.862           4.000e+01     
 127.000         270.000           -5.576e+00          -5.576e+00              98.942          -4.552e+01             349.916           4.000e+01     
 126.000         270.000           -5.851e+00          -5.852e+00              98.708          -4.544e+01             349.969           4.000e+01     
 125.000         270.000           -6.131e+00          -6.131e+00              98.486          -4.537e+01             350.021           3.969e+01     
 124.000         270.000           -6.415e+00          -6.416e+00              98.277          -4.529e+01             350.070           3.932e+01     
 123.000         270.000           -6.703e+00          -6.704e+00              98.081          -4.522e+01             350.117           3.895e+01     
 122.000         270.000           -6.996e+00          -6.997e+00              97.901          -4.515e+01             350.162           3.858e+01     
 121.000         270.000           -7.294e+00          -7.294e+00              97.738          -4.508e+01             350.204           3.820e+01     
 120.000         270.000           -7.596e+00          -7.597e+00              97.593          -4.502e+01             350.244           3.783e+01     
 119.000         270.000           -7.903e+00          -7.904e+00              97.468          -4.496e+01             350.280           3.745e+01     
 118.000         270.000           -8.215e+00          -8.216e+00              97.365          -4.490e+01             350.313           3.707e+01     
 117.000         270.000           -8.533e+00          -8.534e+00              97.287          -4.484e+01             350.343           3.669e+01     
 116.000         270.000           -8.856e+00          -8.857e+00              97.234          -4.479e+01             350.369           3.631e+01     
 115.000         270.000           -9.185e+00          -9.186e+00              97.210          -4.473e+01             350.392           3.593e+01     
 114.000         270.000           -9.520e+00          -9.521e+00              97.218          -4.468e+01             350.410           3.554e+01     
 113.000         270.000           -9.861e+00          -9.863e+00              97.260          -4.463e+01             350.424           3.515e+01     
 112.000         270.000           -1.021e+01          -1.021e+01              97.339          -4.459e+01             350.434           3.476e+01     
 111.000         270.000           -1.056e+01          -1.057e+01              97.460          -4.454e+01             350.440           3.436e+01     
 110.000         270.000           -1.093e+01          -1.093e+01              97.626          -4.450e+01             350.440           3.397e+01     
 109.000         270.000           -1.130e+01          -1.130e+01              97.841          -4.446e+01             350.437           3.356e+01     
 108.000         270.000           -1.168e+01          -1.168e+01              98.110          -4.442e+01             350.428           3.316e+01     
 107.000         270.000           -1.207e+01          -1.207e+01              98.440          -4.438e+01             350.414           3.275e+01     
 106.000         270.000           -1.246e+01          -1.247e+01              98.835          -4.434e+01             350.395           3.233e+01     
 105.000         270.000           -1.287e+01          -1.288e+01              99.305          -4.431e+01             350.370           3.191e+01     
 104.000         270.000           -1.329e+01          -1.330e+01              99.856          -4.427e+01             350.341           3.149e+01     
 103.000         270.000           -1.373e+01          -1.373e+01             100.499          -4.424e+01             350.305           3.106e+01     
 102.000         270.000           -1.417e+01          -1.417e+01             101.244          -4.421e+01             350.265           3.063e+01     
 101.000         270.000           -1.463e+01          -1.463e+01             102.104          -4.418e+01             350.218           3.020e+01     
 100.000         270.000           -1.510e+01          -1.511e+01             103.095          -4.415e+01             350.166           2.976e+01     
  99.000         270.000           -1.559e+01          -1.559e+01             104.235          -4.413e+01             350.108           2.933e+01     
  98.000         270.000           -1.609e+01          -1.610e+01             105.543          -4.410e+01             350.045           2.889e+01     
  97.000         270.000           -1.661e+01          -1.662e+01             107.047          -4.408e+01             349.976           2.847e+01     
  96.000         270.000           -1.715e+01          -1.716e+01             108.774          -4.405e+01             349.900           2.805e+01     
  95.000         270.000           -1.770e+01          -1.771e+01             110.762          -4.403e+01             349.819           2.766e+01     
  94.000         270.000           -1.827e+01          -1.829e+01             113.052          -4.401e+01             349.733           2.729e+01     
  93.000         270.000           -1.886e+01          -1.887e+01             115.694          -4.399e+01             349.640           2.697e+01     
  92.000         270.000           -1.946e+01          -1.947e+01             118.746          -4.397e+01             349.542           2.673e+01     
  91.000         270.000           -2.006e+01          -2.008e+01             122.274          -4.395e+01             349.438           2.659e+01     
  90.000         270.000           -2.066e+01          -2.068e+01             126.349          -4.394e+01             349.328           2.661e+01     
  89.000         270.000           -2.125e+01          -2.127e+01             131.042          -4.392e+01             349.213           2.686e+01     
  88.000         270.000           -2.179e+01          -2.182e+01             136.412          -4.391e+01             349.092           2.748e+01     
  87.000         270.000           -2.228e+01          -2.231e+01             142.488          -4.389e+01             348.966           2.865e+01     
  86.000         270.000           -2.268e+01          -2.272e+01             149.246          -4.388e+01             348.834           3.072e+01     
  85.000         270.000           -2.296e+01          -2.300e+01             156.583          -4.387e+01             348.697           3.450e+01     
  84.000         270.000           -2.310e+01          -2.313e+01             164.310          -4.386e+01             348.555           4.000e+01     
  83.000         270.000           -2.307e+01          -2.311e+01             172.167          -4.385e+01             348.409           4.000e+01     
  82.000         270.000           -2.289e+01          -2.292e+01             179.870          -4.384e+01             348.257           3.491e+01     
  81.000         270.000           -2.256e+01          -2.259e+01             187.171          -4.384e+01             348.101           3.102e+01     
  80.000         270.000           -2.212e+01          -2.215e+01             193.898          -4.383e+01             347.941           2.891e+01     
  79.000         270.000           -2.160e+01          -2.162e+01             199.967          -4.383e+01             347.776           2.771e+01     
  78.000         270.000           -2.102e+01          -2.104e+01             205.368          -4.382e+01             347.607           2.707e+01     
  77.000         270.000           -2.041e+01          -2.043e+01             210.136          -4.382e+01             347.435           2.678e+01     
  76.000         270.000           -1.979e+01          -1.981e+01             214.335          -4.382e+01             347.259           2.673e+01     
  75.000         270.000           -1.917e+01          -1.919e+01             218.036          -4.382e+01             347.079           2.684e+01     
  74.000         270.000           -1.856e+01          -1.857e+01             221.307          -4.382e+01             346.897           2.705e+01     
  73.000         270.000           -1.796e+01          -1.797e+01             224.213          -4.382e+01             346.711           2.734e+01     
  72.000         270.000           -1.737e+01          -1.738e+01             226.809          -4.382e+01             346.523           2.767e+01     
  71.000         270.000           -1.680e+01          -1.681e+01             229.142          -4.383e+01             346.332           2.804e+01     
  70.000         270.000           -1.625e+01          -1.626e+01             231.251          -4.383e+01             346.139           2.843e+01     
  69.000         270.000           -1.571e+01          -1.572e+01             233.172          -4.384e+01             345.945           2.883e+01     
  68.000         270.000           -1.520e+01          -1.520e+01             234.930          -4.385e+01             345.749           2.923e+01     
  67.000         270.000           -1.469e+01          -1.470e+01             236.550          -4.386e+01             345.551           2.965e+01     
  66.000         270.000           -1.421e+01          -1.421e+01             238.049          -4.387e+01             345.353           3.006e+01     
  65.000         270.000           -1.374e+01          -1.374e+01             239.446          -4.388e+01             345.154           3.047e+01     
  64.000         270.000           -1.328e+01          -1.328e+01             240.752          -4.389e+01             344.954           3.088e+01     
  63.000         270.000           -1.283e+01          -1.283e+01             241.979          -4.391e+01             344.754           3.129e+01     
  62.000         270.000           -1.240e+01          -1.240e+01             243.137          -4.392e+01             344.555           3.170e+01     
  61.000         270.000           -1.198e+01          -1.198e+01             244.234          -4.394e+01             344.356           3.210e+01     
  60.000         270.000           -1.156e+01          -1.157e+01             245.277          -4.396e+01             344.158           3.250e+01     
  59.000         270.000           -1.116e+01          -1.116e+01             246.270          -4.398e+01             343.961           3.290e+01     
  58.000         270.000           -1.077e+01          -1.077e+01             247.221          -4.401e+01             343.766           3.329e+01     
  57.000         270.000           -1.039e+01          -1.039e+01             248.131          -4.403e+01             343.572           3.368e+01     
  56.000         270.000           -1.001e+01          -1.001e+01             249.006          -4.406e+01             343.381           3.407e+01     
  55.000         270.000           -9.646e+00          -9.647e+00             249.849          -4.409e+01             343.192           3.445e+01     
  54.000         270.000           -9.287e+00          -9.288e+00             250.661          -4.412e+01             343.006           3.483e+01     
  53.000         270.000           -8.935e+00          -8.936e+00             251.446          -4.415e+01             342.822           3.521e+01     
  52.000         270.000           -8.590e+00          -8.591e+00             252.206          -4.418e+01             342.642           3.559e+01     
  51.000         270.000           -8.252e+00          -8.253e+00             252.942          -4.422e+01             342.466           3.597e+01     
  50.000         270.000           -7.920e+00          -7.921e+00             253.656          -4.426e+01             342.294           3.634e+01     
  49.000         270.000           -7.595e+00          -7.596e+00             254.349          -4.430e+01             342.126           3.671e+01     
  48.000         270.000           -7.276e+00          -7.277e+00             255.023          -4.434e+01             341.963           3.708e+01     
  47.000         270.000           -6.962e+00          -6.963e+00             255.678          -4.439e+01             341.805           3.745e+01     
  46.000         270.000           -6.654e+00          -6.655e+00             256.317          -4.444e+01             341.652           3.781e+01     
  45.000         270.000           -6.352e+00          -6.353e+00             256.939          -4.449e+01             341.505           3.818e+01     
  44.000         270.000           -6.055e+00          -6.056e+00             257.545          -4.454e+01             341.363           3.854e+01     
  43.000         270.000           -5.763e+00          -5.764e+00             258.136          -4.460e+01             341.228           3.890e+01     
  42.000         270.000           -5.477e+00          -5.478e+00             258.713          -4.466e+01             341.100           3.926e+01     
  41.000         270.000           -5.196e+00          -5.196e+00             259.277          -4.472e+01             340.978           3.962e+01     
  40.000         270.000           -4.919e+00          -4.920e+00             259.827          -4.479e+01             340.863           3.998e+01     
  39.000         270.000           -4.648e+00          -4.649e+00             260.365          -4.486e+01             340.756           4.000e+01     
  38.000         270.000           -4.382e+00          -4.382e+00             260.890          -4.493e+01             340.657           4.000e+01     
  37.000         270.000           -4.120e+00          -4.121e+00             261.404          -4.501e+01             340.566           4.000e+01     
  36.000         270.000           -3.863e+00          -3.864e+00             261.907          -4.509e+01             340.483           4.000e+01     
  35.000         270.000           -3.611e+00          -3.612e+00             262.398          -4.517e+01             340.409           4.000e+01     
  34.000         270.000           -3.364e+00          -3.365e+00             262.879          -4.526e+01             340.345           4.000e+01     
  33.000         270.000           -3.122e+00          -3.122e+00             263.350          -4.535e+01             340.290           4.000e+01     
  32.000         270.000           -2.884e+00          -2.884e+00             263.811          -4.544e+01             340.244           4.000e+01     
  31.000         270.000           -2.651e+00          -2.651e+00             264.262          -4.554e+01             340.209           4.000e+01     
  30.000         270.000           -2.422e+00          -2.422e+00             264.704          -4.564e+01             340.185           4.000e+01     
  29.000         270.000           -2.198e+00          -2.198e+00             265.138          -4.575e+01             340.171           4.000e+01     
  28.000         270.000           -1.979e+00          -1.979e+00             265.562          -4.586e+01             340.169           4.000e+01     
  27.000         270.000           -1.764e+00          -1.764e+00             265.978          -4.597e+01             340.179           4.000e+01     
  26.000         270.000           -1.554e+00          -1.554e+00             266.386          -4.609e+01             340.201           4.000e+01     
  25.000         270.000           -1.349e+00          -1.349e+00             266.786          -4.622e+01             340.236           4.000e+01     
  24.000         270.000           -1.148e+00          -1.148e+00             267.178          -4.635e+01             340.284           4.000e+01     
  23.000         270.000           -9.515e-01          -9.516e-01             267.563          -4.648e+01             340.345           4.000e+01     
  22.000         270.000           -7.598e-01          -7.599e-01             267.940          -4.662e+01             340.421           4.000e+01     
  21.000         270.000           -5.727e-01          -5.728e-01             268.310          -4.677e+01             340.512           4.000e+01     
  20.000         270.000           -3.901e-01          -3.902e-01             268.674          -4.692e+01             340.618           4.000e+01     
  19.000         270.000           -2.122e-01          -2.123e-01             269.031          -4.707e+01             340.741           4.000e+01     
  18.000         270.000           -3.879e-02          -3.887e-02             269.381          -4.723e+01             340.879           4.000e+01     
  17.000         270.000            1.300e-01           1.299e-01             269.725          -4.740e+01             341.036           4.000e+01     
  16.000         270.000            2.942e-01           2.941e-01             270.064          -4.757e+01             341.211           4.000e+01     
  15.000         270.000            4.538e-01           4.537e-01             270.396          -4.775e+01             341.405           4.000e+01     
  14.000         270.000            6.088e-01           6.088e-01             270.722          -4.794e+01             341.619           4.000e+01     
  13.000         270.000            7.593e-01           7.592e-01             271.043          -4.813e+01             341.854           4.000e+01     
  12.000         270.000            9.051e-01           9.050e-01             271.359          -4.833e+01             342.111           4.000e+01     
  11.000         270.000            1.046e+00           1.046e+00             271.669          -4.853e+01             342.392           4.000e+01     
  10.000         270.000            1.183e+00           1.183e+00             271.974          -4.874e+01             342.698           4.000e+01     
   9.000         270.000            1.315e+00           1.315e+00             272.275          -4.896e+01             343.029           4.000e+01     
   8.000         270.000            1.442e+00           1.442e+00             272.570          -4.919e+01             343.388           4.000e+01     
   7.000         270.000            1.565e+00           1.565e+00             272.861          -4.942e+01             343.777           4.000e+01     
   6.000         270.000            1.683e+00           1.683e+00             273.148          -4.967e+01             344.196           4.000e+01     
   5.000         270.000            1.797e+00           1.797e+00             273.429          -4.992e+01             344.649           4.000e+01     
   4.000         270.000            1.906e+00           1.906e+00             273.707          -5.017e+01             345.137           4.000e+01     
   3.000         270.000            2.010e+00           2.010e+00             273.980          -5.044e+01             345.663           4.000e+01     
   2.000         270.000            2.110e+00           2.110e+00             274.250          -5.071e+01             346.230           4.000e+01     
   1.000         270.000            2.205e+00           2.205e+00             274.515          -5.100e+01             346.840           4.000e+01     
