                 Frequency                       S11
                       1                     -0.28905631
               1.0039999                     -0.29594215
                   1.008                     -0.30444951
                   1.012                     -0.31340378
                   1.016                     -0.32143239
                    1.02                     -0.32790786
                   1.024                     -0.33337635
                   1.028                     -0.33917703
               1.0319999                     -0.34651641
                   1.036                     -0.35565136
                    1.04                     -0.36572044
                   1.044                     -0.37534423
                   1.048                     -0.38357855
                   1.052                     -0.39055411
                   1.056                     -0.39738115
               1.0599999                     -0.40537394
                   1.064                      -0.4151554
                   1.068                     -0.42623472
                   1.072                     -0.43736149
                   1.076                       -0.447388
                    1.08                     -0.45606565
                   1.084                     -0.46420596
               1.0880001                     -0.47312072
                   1.092                      -0.4837195
                   1.096                     -0.49589348
                     1.1                     -0.50860658
                   1.104                     -0.52061589
                   1.108                     -0.53133492
                   1.112                     -0.54123684
               1.1160001                     -0.55152062
                    1.12                     -0.56328188
                   1.124                     -0.57675851
                   1.128                     -0.59117065
                   1.132                     -0.60526299
                   1.136                     -0.61817258
                    1.14                     -0.63002976
               1.1440001                     -0.64187335
                   1.148                      -0.6549399
                   1.152                     -0.66981688
                   1.156                     -0.68604874
                    1.16                     -0.70244959
                   1.164                     -0.71791988
                   1.168                      -0.7321992
               1.1720001                      -0.7460507
                   1.176                     -0.76073435
               1.1799999                      -0.7771578
                   1.184                     -0.79525748
                   1.188                     -0.81405684
                   1.192                     -0.83233935
                   1.196                     -0.84948399
                     1.2                     -0.86589419
                   1.204                     -0.88271672
               1.2079999                     -0.90106143
                   1.212                     -0.92124515
                   1.216                     -0.94259235
                    1.22                     -0.96389832
                   1.224                     -0.98426801
                   1.228                      -1.0037262
                   1.232                      -1.0232015
               1.2359999                      -1.0438895
                    1.24                      -1.0664348
                   1.244                      -1.0905004
                   1.248                      -1.1150058
                   1.252                      -1.1388771
                   1.256                      -1.1617932
                    1.26                      -1.1844106
               1.2640001                      -1.2079221
                   1.268                      -1.2332383
                   1.272                      -1.2603755
                   1.276                      -1.2884437
                    1.28                      -1.3162608
                   1.284                       -1.343167
                   1.288                      -1.3694833
               1.2920001                       -1.396298
                   1.296                      -1.4247317
                     1.3                      -1.4551805
                   1.304                      -1.4870529
                   1.308                      -1.5191835
                   1.312                      -1.5506324
                   1.316                      -1.5813355
               1.3200001                      -1.6121556
                   1.324                      -1.6442987
               1.3279999                      -1.6784955
                   1.332                      -1.7145153
                   1.336                       -1.751329
                    1.34                      -1.7878203
                   1.344                      -1.8235574
                   1.348                      -1.8590943
                   1.352                       -1.895605
               1.3559999                      -1.9340815
                    1.36                      -1.9746689
                   1.364                       -2.016573
                   1.368                       -2.058607
                   1.372                      -2.1000131
                   1.376                      -2.1409895
                    1.38                      -2.1825686
               1.3839999                      -2.2259159
                   1.388                      -2.2715449
                   1.392                       -2.318971
                   1.396                      -2.3670472
                     1.4                      -2.4147566
                   1.404                      -2.4619212
                   1.408                      -2.5093385
               1.4119999                      -2.5582555
                   1.416                      -2.6095225
                    1.42                      -2.6630237
                   1.424                      -2.7177517
                   1.428                      -2.7724983
                   1.432                      -2.8266863
                   1.436                      -2.8807783
               1.4400001                      -2.9359762
                   1.444                      -2.9934204
                   1.448                      -3.0534211
                   1.452                      -3.1152536
                   1.456                      -3.1776579
                    1.46                      -3.2397022
                   1.464                      -3.3014377
               1.4680001                      -3.3638808
                   1.472                      -3.4283328
                   1.476                      -3.4955093
                    1.48                       -3.565052
                   1.484                      -3.6357772
                   1.488                      -3.7064853
                   1.492                      -3.7767911
               1.4960001                      -3.8474106
                     1.5                      -3.9196918
               1.5039999                      -3.9947108
                   1.508                      -4.0725476
                   1.512                      -4.1522338
                   1.516                      -4.2324106
                    1.52                       -4.312271
                   1.524                      -4.3921327
                   1.528                      -4.4732465
               1.5319999                      -4.5569684
                   1.536                       -4.643837
                    1.54                      -4.7332177
                   1.544                      -4.8237205
                   1.548                       -4.914158
                   1.552                      -5.0043795
                   1.556                      -5.0954031
               1.5599999                       -5.188757
                   1.564                      -5.2854507
                   1.568                      -5.3852969
                   1.572                      -5.4870296
                   1.576                      -5.5891651
                    1.58                      -5.6910316
                   1.584                      -5.7932612
               1.5880001                      -5.8973985
                   1.592                      -6.0048711
                   1.596                      -6.1160379
                     1.6                      -6.2299297
                   1.604                      -6.3449095
                   1.608                      -6.4597993
                   1.612                      -6.5747194
               1.6160001                      -6.6910563
                    1.62                      -6.8105547
                   1.624                      -6.9341507
                   1.628                      -7.0613342
                   1.632                      -7.1904831
                   1.636                       -7.319977
                    1.64                      -7.4493404
               1.6440001                      -7.5796269
                   1.648                       -7.712763
                   1.652                       -7.850271
                   1.656                      -7.9922447
                    1.66                      -8.1372661
                   1.664                      -8.2833686
                   1.668                      -8.4294027
               1.6720001                      -8.5758928
                   1.676                      -8.7247605
               1.6799999                      -8.8780778
                   1.684                       -9.036691
                   1.688                      -9.1996361
                   1.692                      -9.3647901
                   1.696                      -9.5303318
                     1.7                      -9.6960699
                   1.704                      -9.8636729
               1.7079999                      -10.035639
                   1.712                       -10.21364
                   1.716                      -10.397409
                    1.72                      -10.584903
                   1.724                      -10.773705
                   1.728                      -10.962763
                   1.732                      -11.153256
               1.7359999                      -11.347944
                    1.74                      -11.549408
                   1.744                       -11.75834
                   1.748                      -11.973074
                   1.752                      -12.190714
                   1.756                      -12.409186
                    1.76                       -12.62884
               1.7640001                      -12.852439
                   1.768                      -13.083487
                   1.772                      -13.323969
                   1.776                      -13.573057
                    1.78                      -13.827676
                   1.784                      -14.084691
                   1.788                      -14.343273
               1.7920001                      -14.605827
                   1.796                      -14.876704
                     1.8                      -15.159513
                   1.804                      -15.454835
                   1.808                      -15.759881
                   1.812                      -16.070511
                   1.816                      -16.384362
               1.8200001                      -16.703021
                   1.824                      -17.031596
               1.8279999                      -17.375831
                   1.832                      -17.738637
                   1.836                      -18.118402
                    1.84                      -18.510316
                   1.844                      -18.910147
                   1.848                      -19.318077
                   1.852                      -19.739877
               1.8559999                      -20.184337
                    1.86                       -20.65853
                   1.864                       -21.16401
                   1.868                      -21.696605
                   1.872                      -22.250389
                   1.876                      -22.823789
                    1.88                      -23.423835
               1.8839999                       -24.06532
                   1.888                      -24.765102
                   1.892                      -25.535196
                   1.896                      -26.379277
                     1.9                      -27.295646
                   1.904                      -28.286664
                   1.908                       -29.37078
               1.9119999                      -30.590911
                   1.916                      -32.016123
                    1.92                      -33.741717
                   1.924                      -35.901309
                   1.928                      -38.717634
                   1.932                      -42.662677
                   1.936                      -48.762425
               1.9400001                      -50.717209
                   1.944                      -44.141667
                   1.948                      -39.816962
                   1.952                      -36.853104
                   1.956                      -34.648849
                    1.96                       -32.93074
                   1.964                      -31.541636
               1.9680001                      -30.373074
                   1.972                      -29.348105
                   1.976                      -28.419907
                    1.98                      -27.569368
                   1.984                      -26.795277
                   1.988                      -26.100494
                   1.992                        -25.4812
               1.9960001                      -24.923629
                       2                      -24.408282
               2.0039999                      -23.918205
               2.0079999                       -23.44591
               2.0120001                      -22.994357
                   2.016                      -22.571625
                    2.02                      -22.183291
               2.0239999                       -21.82751
               2.0280001                      -21.495365
               2.0320001                      -21.175804
                   2.036                      -20.861839
                    2.04                      -20.553924
               2.0439999                      -20.258295
               2.0480001                      -19.981732
                   2.052                       -19.72646
                   2.056                      -19.488392
               2.0599999                      -19.259573
               2.0639999                      -19.033104
               2.0680001                      -18.807246
                   2.072                      -18.585956
                   2.076                      -18.375625
               2.0799999                       -18.18041
               2.0840001                      -17.999329
               2.0880001                      -17.826833
                   2.092                      -17.656368
                   2.096                      -17.484539
               2.0999999                      -17.313047
               2.1040001                      -17.147157
                   2.108                      -16.991857
                   2.112                      -16.848404
               2.1159999                      -16.713491
               2.1199999                      -16.581452
               2.1240001                      -16.448007
                   2.128                      -16.312999
                   2.132                      -16.180262
               2.1359999                      -16.054781
               2.1400001                      -15.939178
               2.1440001                      -15.831896
                   2.148                      -15.728217
                   2.152                      -15.623393
               2.1559999                        -15.5158
               2.1600001                      -15.407929
                   2.164                      -15.304557
                   2.168                      -15.209428
               2.1719999                      -15.122701
               2.1760001                       -15.04084
               2.1800001                      -14.958967
                   2.184                      -14.874114
                   2.188                      -14.787172
               2.1919999                       -14.70218
               2.1960001                      -14.623493
                     2.2                      -14.552809
                   2.204                      -14.488027
               2.2079999                      -14.424654
               2.2119999                      -14.358817
               2.2160001                      -14.289857
                    2.22                      -14.220713
                   2.224                      -14.155844
               2.2279999                      -14.098174
               2.2320001                      -14.047116
               2.2360001                      -13.998975
                    2.24                      -13.949441
                   2.244                      -13.896514
               2.2479999                      -13.841835
               2.2520001                      -13.789529
                   2.256                       -13.74335
                    2.26                      -13.704126
               2.2639999                       -13.66919
               2.2679999                      -13.634164
               2.2720001                      -13.595923
                   2.276                      -13.554726
                    2.28                      -13.514031
               2.2839999                      -13.478119
               2.2880001                      -13.449187
               2.2920001                      -13.425855
                   2.296                      -13.404083
                     2.3                      -13.379892
               2.3039999                      -13.352072
               2.3080001                      -13.323028
                   2.312                      -13.297138
                   2.316                      -13.277787
               2.3199999                      -13.265085
               2.3239999                      -13.255789
               2.3280001                      -13.245477
                   2.332                      -13.231554
                   2.336                      -13.215053
               2.3399999                      -13.199949
               2.3440001                      -13.190468
                   2.348                      -13.188235
                   2.352                      -13.191179
               2.3559999                      -13.194905
               2.3599999                      -13.195677
               2.3640001                      -13.193001
                   2.368                      -13.190033
                   2.372                      -13.191476
               2.3759999                      -13.200434
               2.3800001                      -13.216343
               2.3840001                      -13.235328
                   2.388                      -13.252811
                   2.392                       -13.26665
               2.3959999                      -13.278686
               2.4000001                      -13.293581
                   2.404                      -13.315726
                   2.408                       -13.34634
               2.4119999                      -13.382655
               2.4159999                      -13.419769
               2.4200001                      -13.453988
                   2.424                      -13.485452
                   2.428                      -13.518191
               2.4319999                      -13.557544
               2.4360001                      -13.606677
               2.4400001                      -13.664536
                   2.444                      -13.726558
                   2.448                       -13.78777
               2.4519999                      -13.846271
               2.4560001                      -13.904749
                    2.46                      -13.968915
                   2.464                      -14.043886
               2.4679999                      -14.130955
               2.4719999                      -14.226805
               2.4760001                      -14.325768
                    2.48                      -14.423737
                   2.484                      -14.521215
               2.4879999                       -14.62336
               2.4920001                      -14.736931
               2.4960001                      -14.866146
                     2.5                      -15.010118
               2.5039999                      -15.163487
               2.5079999                       -15.31993
               2.5120001                      -15.476431
                   2.516                      -15.635476
                    2.52                      -15.803591
               2.5239999                      -15.987088
               2.5280001                      -16.187666
               2.5320001                      -16.400434
                   2.536                      -16.615377
                    2.54                      -16.821291
               2.5439999                      -17.009616
               2.5480001                      -17.175413
                   2.552                      -17.314558
                   2.556                      -17.418779
               2.5599999                       -17.47172
               2.5639999                      -17.448689
               2.5680001                      -17.321027
                   2.572                      -17.063863
                   2.576                      -16.663977
               2.5799999                      -16.123991
               2.5840001                      -15.460914
               2.5880001                      -14.700272
                   2.592                      -13.869307
                   2.596                      -12.992417
               2.5999999                      -12.090119
               2.6040001                      -11.180662
                   2.608                      -10.282367
                   2.612                      -9.4148654
               2.6159999                      -8.5985382
               2.6199999                      -7.8526218
               2.6240001                      -7.1929951
                   2.628                      -6.6304874
                   2.632                      -6.1700677
               2.6359999                      -5.8109051
               2.6400001                       -5.547125
               2.6440001                      -5.3691065
                   2.648                      -5.2651083
                   2.652                      -5.2229059
               2.6559999                      -5.2310903
               2.6600001                      -5.2796618
                   2.664                      -5.3598836
                   2.668                      -5.4636917
               2.6719999                      -5.5833038
               2.6760001                      -5.7114777
               2.6800001                      -5.8424644
                   2.684                      -5.9730516
                   2.688                      -6.1028275
               2.6919999                      -6.2331691
               2.6960001                      -6.3653091
                     2.7                       -6.498565
                   2.704                      -6.6298751
               2.7079999                       -6.755095
               2.7119999                      -6.8713782
               2.7160001                       -6.979102
                    2.72                      -7.0818764
                   2.724                      -7.1843999
               2.7279999                      -7.2894008
               2.7320001                      -7.3956387
               2.7360001                      -7.4983803
                    2.74                      -7.5923183
                   2.744                      -7.6752364
               2.7479999                      -7.7499245
               2.7520001                      -7.8228163
                   2.756                      -7.9000049
                    2.76                      -7.9831669
               2.7639999                        -8.06807
               2.7679999                       -8.146874
               2.7720001                      -8.2131837
                   2.776                      -8.2667048
                    2.78                      -8.3141298
               2.7839999                      -8.3652574
               2.7880001                      -8.4266761
               2.7920001                      -8.4970117
                   2.796                         -8.5669
                     2.8                      -8.6243162
               2.8039999                      -8.6625978
               2.8080001                      -8.6858945
                   2.812                      -8.7076806
                   2.816                      -8.7427162
               2.8199999                      -8.7972733
               2.8239999                      -8.8634559
               2.8280001                      -8.9215169
                   2.832                      -8.9507353
                   2.836                      -8.9439735
               2.8399999                      -8.9163772
               2.8440001                      -8.9011654
                   2.848                      -8.9350579
                   2.852                      -9.0418499
               2.8559999                      -9.2204291
               2.8599999                      -9.4398294
               2.8640001                      -9.6444443
                   2.868                      -9.7735483
                   2.872                      -9.7911465
               2.8759999                      -9.7064035
               2.8800001                      -9.5660575
               2.8840001                      -9.4262117
                   2.888                      -9.3267142
                   2.892                      -9.2803908
               2.8959999                      -9.2753774
               2.9000001                        -9.28542
                   2.904                      -9.2838574
                   2.908                       -9.255967
               2.9119999                      -9.2036601
               2.9159999                      -9.1405475
               2.9200001                      -9.0816996
                   2.924                      -9.0349298
                   2.928                      -8.9976776
               2.9319999                       -8.959744
               2.9360001                      -8.9095259
               2.9400001                      -8.8402411
                   2.944                       -8.752801
                   2.948                      -8.6540941
               2.9519999                      -8.5522574
               2.9560001                      -8.4519173
                    2.96                      -8.3517764
                   2.964                      -8.2453483
               2.9679999                       -8.124204
               2.9719999                      -7.9821047
               2.9760001                      -7.8179727
                    2.98                      -7.6361182
                   2.984                      -7.4436083
               2.9879999                      -7.2461868
               2.9920001                      -7.0448945
               2.9960001                      -6.8352945
                       3                       -6.610242
               3.0039999                      -6.3656296
               3.0079999                      -6.1066883
               3.0120001                      -5.8514861
                   3.016                      -5.6296668
                    3.02                      -5.4773602
               3.0239999                      -5.4311038
               3.0280001                      -5.5230883
               3.0320001                      -5.7782449
                   3.036                      -6.2123611
                    3.04                      -6.8299301
               3.0439999                      -7.6205405
               3.0480001                      -8.5534025
                   3.052                      -9.5717441
                   3.056                      -10.593298
               3.0599999                      -11.526738
               3.0639999                       -12.30525
               3.0680001                      -12.913563
                   3.072                      -13.378501
                   3.076                      -13.731218
               3.0799999                       -13.97948
               3.0840001                      -14.111889
               3.0880001                      -14.123799
                   3.092                      -14.037053
                   3.096                      -13.894498
               3.0999999                      -13.737386
               3.1040001                       -13.58696
                   3.108                      -13.441395
                   3.112                      -13.286128
               3.1159999                      -13.109259
               3.1199999                      -12.912041
               3.1240001                      -12.708247
                   3.128                      -12.514632
                   3.132                      -12.340576
               3.1359999                       -12.18364
               3.1400001                      -12.032715
               3.1440001                      -11.876094
                   3.148                      -11.709162
                   3.152                      -11.536762
               3.1559999                      -11.369075
               3.1600001                      -11.214464
                   3.164                      -11.074285
                   3.168                      -10.942543
               3.1719999                      -10.810169
               3.1760001                       -10.67098
               3.1800001                      -10.525407
                   3.184                      -10.379643
                   3.188                      -10.241097
               3.1919999                      -10.113484
               3.1960001                      -9.9946528
                     3.2                      -9.8782827
                   3.204                       -9.758127
               3.2079999                      -9.6320168
               3.2119999                      -9.5029825
               3.2160001                       -9.376902
                    3.22                      -9.2584703
                   3.224                        -9.14822
               3.2279999                      -9.0423966
               3.2320001                      -8.9355674
               3.2360001                      -8.8242102
                    3.24                      -8.7088946
                   3.244                      -8.5936674
               3.2479999                      -8.4831862
               3.2520001                      -8.3796541
                   3.256                      -8.2815044
                    3.26                      -8.1845856
               3.2639999                      -8.0849614
               3.2679999                      -7.9814688
               3.2720001                      -7.8763445
                   3.276                      -7.7735705
                    3.28                      -7.6761771
               3.2839999                      -7.5843035
               3.2880001                      -7.4952265
               3.2920001                      -7.4052488
                   3.296                      -7.3121563
                     3.3                      -7.2166185
               3.3039999                      -7.1216166
               3.3080001                      -7.0303751
                   3.312                      -6.9442355
                   3.316                      -6.8618415
               3.3199999                      -6.7801239
               3.3239999                       -6.696372
               3.3280001                      -6.6100034
                   3.332                      -6.5228748
                   3.336                      -6.4379599
               3.3399999                      -6.3573454
               3.3440001                      -6.2808922
                   3.348                         -6.2064
                   3.352                      -6.1311167
               3.3559999                      -6.0535634
               3.3599999                      -5.9744691
               3.3640001                      -5.8962118
                   3.368                      -5.8211777
                   3.372                      -5.7501907
               3.3759999                      -5.6820197
               3.3800001                      -5.6142488
               3.3840001                      -5.5449106
                   3.388                      -5.4737742
                   3.392                      -5.4024446
               3.3959999                      -5.3332332
               3.4000001                      -5.2675996
                   3.404                      -5.2052104
                   3.408                      -5.1442048
               3.4119999                      -5.0824632
               3.4159999                      -5.0190227
               3.4200001                      -4.9546839
                   3.424                      -4.8914266
                   3.428                      -4.8310543
               3.4319999                      -4.7740039
               3.4360001                      -4.7190798
               3.4400001                      -4.6642972
                   3.444                      -4.6082044
                   3.448                      -4.5508516
               3.4519999                      -4.4937078
               3.4560001                      -4.4386468
                    3.46                      -4.3866816
                   3.464                      -4.3373093
               3.4679999                      -4.2888719
               3.4719999                      -4.2396862
               3.4760001                      -4.1891624
                    3.48                      -4.1381805
                   3.484                      -4.0884632
               3.4879999                       -4.041402
               3.4920001                      -3.9971349
               3.4960001                      -3.9544732
                     3.5                      -3.9117172
               3.5039999                      -3.8677963
               3.5079999                      -3.8229802
               3.5120001                      -3.7786669
                   3.516                      -3.7364203
                    3.52                      -3.6969251
               3.5239999                      -3.6595331
               3.5280001                      -3.6227189
               3.5320001                      -3.5851103
                   3.536                      -3.5464012
                    3.54                      -3.5075383
               3.5439999                      -3.4700619
               3.5480001                      -3.4350598
                   3.552                      -3.4024463
                   3.556                      -3.3710324
               3.5599999                      -3.3393389
               3.5639999                      -3.3065936
               3.5680001                      -3.2732322
                   3.572                      -3.2405952
                   3.576                      -3.2100015
               3.5799999                      -3.1818631
               3.5840001                      -3.1554199
               3.5880001                      -3.1292615
                   3.592                      -3.1022803
                   3.596                      -3.0744162
               3.5999999                      -3.0466791
               3.6040001                      -3.0204577
                   3.608                      -2.9965691
                   3.612                      -2.9747217
               3.6159999                      -2.9537131
               3.6199999                      -2.9322477
               3.6240001                      -2.9098136
                   3.628                       -2.887014
                   3.632                       -2.865156
               3.6359999                      -2.8453555
               3.6400001                      -2.8277881
               3.6440001                      -2.8115818
                   3.648                      -2.7954065
                   3.652                       -2.778375
               3.6559999                      -2.7606384
               3.6600001                      -2.7432696
                   3.664                      -2.7275349
                   3.668                      -2.7140297
               3.6719999                      -2.7022867
               3.6760001                      -2.6910997
               3.6800001                      -2.6793394
                   3.684                      -2.6667215
                   3.688                      -2.6539927
               3.6919999                      -2.6424164
               3.6960001                      -2.6329151
                     3.7                       -2.625447
                   3.704                      -2.6190411
               3.7079999                      -2.6124556
               3.7119999                      -2.6050241
               3.7160001                      -2.5971035
                    3.72                      -2.5898286
                   3.724                      -2.5843358
               3.7279999                      -2.5809975
               3.7320001                      -2.5791693
               3.7360001                      -2.5776301
                    3.74                      -2.5754126
                   3.744                      -2.5724582
               3.7479999                      -2.5696574
               3.7520001                      -2.5682413
                   3.756                      -2.5689469
                    3.76                      -2.5715233
               3.7639999                      -2.5749025
               3.7679999                      -2.5779275
               3.7720001                      -2.5801435
                   3.776                      -2.5821015
                    3.78                      -2.5849866
               3.7839999                      -2.5898077
               3.7880001                      -2.5967142
               3.7920001                      -2.6048953
                   3.796                      -2.6131312
                     3.8                      -2.6206266
               3.8039999                      -2.6275557
               3.8080001                      -2.6349457
                   3.812                      -2.6439762
                   3.816                      -2.6551818
               3.8199999                      -2.6680839
               3.8239999                      -2.6815156
               3.8280001                      -2.6944209
                   3.832                      -2.7065681
                   3.836                      -2.7187176
               3.8399999                      -2.7321058
               3.8440001                      -2.7476006
                   3.848                      -2.7651122
                   3.852                      -2.7836521
               3.8559999                      -2.8020051
               3.8599999                      -2.8195582
               3.8640001                       -2.836725
                   3.868                      -2.8546663
                   3.872                      -2.8745001
               3.8759999                      -2.8965361
               3.8800001                      -2.9200631
               3.8840001                       -2.943828
                   3.888                      -2.9668878
                   3.892                      -2.9892648
               3.8959999                       -3.011929
               3.9000001                      -3.0361441
                   3.904                      -3.0625942
                   3.908                      -3.0909177
               3.9119999                      -3.1199347
               3.9159999                       -3.148452
               3.9200001                      -3.1760763
                   3.924                      -3.2034924
                   3.928                      -3.2319958
               3.9319999                      -3.2626125
               3.9360001                      -3.2953877
               3.9400001                      -3.3293455
                   3.944                      -3.3631465
                   3.948                       -3.395997
               3.9519999                      -3.4281995
               3.9560001                      -3.4609494
                    3.96                      -3.4955102
                   3.964                      -3.5323467
               3.9679999                      -3.5707937
               3.9719999                      -3.6094889
               3.9760001                      -3.6473058
                    3.98                      -3.6841236
                   3.984                      -3.7209128
               3.9879999                      -3.7590668
               3.9920001                      -3.7994378
               3.9960001                      -3.8417247
                       4                      -3.8846588
               4.0040002                      -3.9268552
               4.0079999                       -3.967755
               4.0120001                      -4.0080225
               4.0159998                      -4.0490862
                    4.02                      -4.0921549
               4.0240002                      -4.1373703
               4.0279999                      -4.1836834
               4.0320001                      -4.2295523
               4.0359998                      -4.2739821
                    4.04                      -4.3172169
               4.0440001                      -4.3605693
               4.0479999                      -4.4055094
                   4.052                      -4.4526386
               4.0560002                      -4.5012399
               4.0599999                       -4.549745
               4.0640001                      -4.5967899
               4.0679998                      -4.6421517
                   4.072                      -4.6869058
               4.0760002                      -4.7326818
               4.0799999                      -4.7805232
               4.0840001                      -4.8301377
               4.0879998                      -4.8800673
                   4.092                      -4.9286601
               4.0960002                      -4.9752036
               4.0999999                        -5.02042
               4.1040001                      -5.0659618
               4.1079998                      -5.1132567
                   4.112                      -5.1624948
               4.1160002                      -5.2124546
               4.1199999                      -5.2613155
               4.1240001                      -5.3079007
               4.1279998                      -5.3524993
                   4.132                       -5.396673
               4.1360002                      -5.4421718
               4.1399999                      -5.4896981
               4.1440001                      -5.5383938
               4.1479998                      -5.5863889
                   4.152                      -5.6320759
               4.1560001                      -5.6752245
               4.1599998                      -5.7171504
                   4.164                      -5.7598057
               4.1680002                      -5.8044074
               4.1719999                      -5.8505773
               4.1760001                      -5.8965598
               4.1799998                       -5.940425
                   4.184                      -5.9814023
               4.1880002                      -6.0204323
               4.1919999                      -6.0595254
               4.1960001                      -6.1003564
               4.1999998                      -6.1430829
                   4.204                      -6.1862086
               4.2080002                      -6.2275939
               4.2119999                      -6.2659429
               4.2160001                       -6.301727
               4.2199998                      -6.3368739
                   4.224                      -6.3734349
               4.2280002                       -6.412151
               4.2319999                      -6.4519173
               4.2360001                      -6.4905292
               4.2399998                      -6.5262129
                   4.244                       -6.558886
               4.2480001                      -6.5902451
               4.2519999                      -6.6226032
                   4.256                      -6.6572853
               4.2600002                      -6.6936941
               4.2639999                      -6.7297086
               4.2680001                      -6.7631536
               4.2719998                      -6.7933375
                   4.276                      -6.8215744
               4.2800002                       -6.850296
               4.2839999                       -6.881373
               4.2880001                       -6.914816
               4.2919998                      -6.9487541
                   4.296                      -6.9807336
               4.3000002                      -7.0094452
               4.3039999                      -7.0356852
               4.3080001                      -7.0618417
               4.3119998                      -7.0902587
                   4.316                      -7.1216157
               4.3200002                      -7.1544582
               4.3239999                      -7.1861966
               4.3280001                      -7.2149328
               4.3319998                      -7.2408273
                   4.336                      -7.2660397
               4.3400002                       -7.293261
               4.3439999                      -7.3238619
                   4.348                      -7.3569498
               4.3520002                      -7.3899818
               4.3559999                      -7.4205498
               4.3600001                      -7.4481083
               4.3639998                      -7.4744173
                   4.368                      -7.5023708
               4.3720002                      -7.5340198
               4.3759999                      -7.5691665
               4.3800001                      -7.6055077
               4.3839998                      -7.6402469
                   4.388                      -7.6720957
               4.3920002                       -7.702247
               4.3959999                      -7.7336169
               4.4000001                      -7.7688725
               4.4039998                      -7.8086096
                   4.408                      -7.8509559
               4.4120002                      -7.8928822
               4.4159999                       -7.932362
               4.4200001                      -7.9698723
               4.4239998                      -8.0081618
                   4.428                      -8.0504157
               4.4320002                       -8.098102
               4.4359999                      -8.1499873
               4.4400001                      -8.2030155
               4.4439998                      -8.2544853
                   4.448                      -8.3040481
               4.4520001                      -8.3540797
               4.4559999                      -8.4081397
                    4.46                      -8.4685703
               4.4640002                      -8.5349123
               4.4679999                        -8.60423
               4.4720001                      -8.6731755
               4.4759998                      -8.7404101
                    4.48                      -8.8076627
               4.4840002                      -8.8786247
               4.4879999                      -8.9564231
               4.4920001                      -9.0414389
               4.4959998                      -9.1309882
                     4.5                      -9.2211749
               4.5040002                      -9.3096946
               4.5079999                      -9.3976508
               4.5120001                      -9.4890182
               4.5159998                       -9.588069
                    4.52                      -9.6965401
               4.5240002                      -9.8125046
               4.5279999                      -9.9317908
               4.5320001                      -10.051051
               4.5359998                       -10.17037
                    4.54                      -10.293452
               4.5440001                      -10.425123
               4.5479999                      -10.567836
                   4.552                      -10.719607
               4.5560002                      -10.874869
               4.5599999                      -11.027824
               4.5640001                       -11.17598
               4.5679998                      -11.321152
                   4.572                      -11.466898
               4.5760002                      -11.614015
               4.5799999                      -11.757255
               4.5840001                      -11.885769
               4.5879998                      -11.987258
                   4.592                      -12.052992
               4.5960002                      -12.079702
               4.5999999                      -12.066618
               4.6040001                      -12.010118
               4.6079998                      -11.900825
                   4.612                      -11.726304
               4.6160002                      -11.477883
               4.6199999                      -11.156279
               4.6240001                      -10.771344
               4.6279998                       -10.33649
                   4.632                      -9.8627626
               4.6360002                       -9.356923
               4.6399999                      -8.8238394
               4.6440001                      -8.2702152
               4.6479998                      -7.7063162
                   4.652                      -7.1445588
               4.6560001                      -6.5963707
               4.6599998                      -6.0696893
                   4.664                      -5.5684907
               4.6680002                      -5.0942169
               4.6719999                      -4.6479236
               4.6760001                      -4.2317752
               4.6799998                      -3.8491329
                   4.684                      -3.5034148
               4.6880002                      -3.1965767
               4.6919999                      -2.9281587
               4.6960001                      -2.6954274
               4.6999998                      -2.4944913
                   4.704                      -2.3217673
               4.7080002                      -2.1749896
               4.7119999                      -2.0532281
               4.7160001                      -1.9559976
               4.7199998                      -1.8820369
                   4.724                      -1.8285858
               4.7280002                      -1.7916306
               4.7319999                      -1.7670243
               4.7360001                      -1.7518136
               4.7399998                      -1.7449471
                   4.744                      -1.7468603
               4.7480001                      -1.7582034
               4.7519999                      -1.7785076
                   4.756                       -1.805667
               4.7600002                       -1.836592
               4.7639999                      -1.8686353
               4.7680001                      -1.9008578
               4.7719998                      -1.9342544
                   4.776                      -1.9707341
               4.7800002                      -2.0115261
               4.7839999                      -2.0560421
               4.7880001                      -2.1019916
               4.7919998                       -2.146694
                   4.796                      -2.1887286
               4.8000002                        -2.22881
               4.8039999                      -2.2692249
               4.8080001                       -2.312206
               4.8119998                      -2.3583104
                   4.816                      -2.4059319
               4.8200002                       -2.452284
               4.8239999                      -2.4952479
               4.8280001                      -2.5348279
               4.8319998                      -2.5731809
                   4.836                      -2.6131613
               4.8400002                      -2.6563605
               4.8439999                      -2.7019799
                   4.848                      -2.7473176
               4.8520002                      -2.7895883
               4.8559999                      -2.8278535
               4.8600001                      -2.8637356
               4.8639998                      -2.9003454
                   4.868                      -2.9401698
               4.8720002                      -2.9833482
               4.8759999                      -3.0275307
               4.8800001                      -3.0694481
               4.8839998                      -3.1071816
                   4.888                      -3.1415523
               4.8920002                      -3.1756317
               4.8959999                      -3.2126694
               4.9000001                      -3.2538653
               4.9039998                      -3.2975068
                   4.908                      -3.3400929
               4.9120002                      -3.3787336
               4.9159999                      -3.4132064
               4.9200001                      -3.4461986
               4.9239998                      -3.4815178
                   4.928                      -3.5214974
               4.9320002                      -3.5653683
               4.9359999                      -3.6097333
               4.9400001                      -3.6508658
               4.9439998                       -3.687313
                   4.948                      -3.7209919
               4.9520001                      -3.7559318
               4.9559999                      -3.7955388
                    4.96                      -3.8402444
               4.9640002                      -3.8871619
               4.9679999                      -3.9320281
               4.9720001                      -3.9721662
               4.9759998                      -4.0084432
                    4.98                      -4.0447697
               4.9840002                      -4.0854613
               4.9879999                       -4.132269
               4.9920001                        -4.18312
               4.9959998                       -4.233453
                       5                      -4.2793452

