Theta[deg.]      Phi[deg.]       Abs(Gain)[dBi]      Abs(Theta)[dBi]    Phase(Theta)[deg.]    Abs(Phi)[dBi]     Phase(Phi)[deg.]      Ax.Ratio[dB]    
   0.000          90.000            1.616e+00           1.616e+00              93.174          -5.907e+01             144.050           4.000e+01     
   1.000          90.000            1.712e+00           1.712e+00              93.436          -5.912e+01             145.429           4.000e+01     
   2.000          90.000            1.802e+00           1.802e+00              93.693          -5.917e+01             146.823           4.000e+01     
   3.000          90.000            1.888e+00           1.888e+00              93.945          -5.922e+01             148.233           4.000e+01     
   4.000          90.000            1.969e+00           1.969e+00              94.192          -5.926e+01             149.653           4.000e+01     
   5.000          90.000            2.046e+00           2.046e+00              94.434          -5.929e+01             151.082           4.000e+01     
   6.000          90.000            2.117e+00           2.117e+00              94.671          -5.931e+01             152.513           4.000e+01     
   7.000          90.000            2.184e+00           2.184e+00              94.904          -5.933e+01             153.944           4.000e+01     
   8.000          90.000            2.246e+00           2.246e+00              95.132          -5.934e+01             155.371           4.000e+01     
   9.000          90.000            2.303e+00           2.303e+00              95.355          -5.934e+01             156.788           4.000e+01     
  10.000          90.000            2.356e+00           2.356e+00              95.574          -5.934e+01             158.193           4.000e+01     
  11.000          90.000            2.403e+00           2.403e+00              95.789          -5.933e+01             159.580           4.000e+01     
  12.000          90.000            2.446e+00           2.446e+00              95.999          -5.931e+01             160.947           4.000e+01     
  13.000          90.000            2.485e+00           2.485e+00              96.205          -5.929e+01             162.289           4.000e+01     
  14.000          90.000            2.518e+00           2.518e+00              96.407          -5.926e+01             163.603           4.000e+01     
  15.000          90.000            2.547e+00           2.547e+00              96.604          -5.922e+01             164.886           4.000e+01     
  16.000          90.000            2.571e+00           2.571e+00              96.797          -5.917e+01             166.135           4.000e+01     
  17.000          90.000            2.590e+00           2.590e+00              96.986          -5.912e+01             167.347           4.000e+01     
  18.000          90.000            2.605e+00           2.605e+00              97.171          -5.907e+01             168.521           4.000e+01     
  19.000          90.000            2.614e+00           2.614e+00              97.352          -5.901e+01             169.653           4.000e+01     
  20.000          90.000            2.619e+00           2.619e+00              97.528          -5.895e+01             170.743           4.000e+01     
  21.000          90.000            2.619e+00           2.619e+00              97.700          -5.888e+01             171.789           4.000e+01     
  22.000          90.000            2.614e+00           2.614e+00              97.868          -5.880e+01             172.790           4.000e+01     
  23.000          90.000            2.605e+00           2.605e+00              98.032          -5.873e+01             173.747           4.000e+01     
  24.000          90.000            2.591e+00           2.591e+00              98.192          -5.865e+01             174.657           4.000e+01     
  25.000          90.000            2.571e+00           2.571e+00              98.347          -5.857e+01             175.522           4.000e+01     
  26.000          90.000            2.547e+00           2.547e+00              98.498          -5.849e+01             176.341           4.000e+01     
  27.000          90.000            2.518e+00           2.518e+00              98.644          -5.840e+01             177.115           4.000e+01     
  28.000          90.000            2.484e+00           2.484e+00              98.786          -5.831e+01             177.845           4.000e+01     
  29.000          90.000            2.445e+00           2.445e+00              98.924          -5.823e+01             178.530           4.000e+01     
  30.000          90.000            2.401e+00           2.401e+00              99.056          -5.814e+01             179.173           4.000e+01     
  31.000          90.000            2.352e+00           2.352e+00              99.184          -5.805e+01             179.773           4.000e+01     
  32.000          90.000            2.298e+00           2.298e+00              99.308          -5.796e+01             180.333           4.000e+01     
  33.000          90.000            2.239e+00           2.239e+00              99.426          -5.787e+01             180.853           4.000e+01     
  34.000          90.000            2.175e+00           2.175e+00              99.539          -5.778e+01             181.334           4.000e+01     
  35.000          90.000            2.106e+00           2.106e+00              99.647          -5.769e+01             181.778           4.000e+01     
  36.000          90.000            2.031e+00           2.031e+00              99.749          -5.760e+01             182.187           4.000e+01     
  37.000          90.000            1.951e+00           1.951e+00              99.846          -5.751e+01             182.562           4.000e+01     
  38.000          90.000            1.866e+00           1.866e+00              99.938          -5.742e+01             182.903           4.000e+01     
  39.000          90.000            1.775e+00           1.775e+00             100.023          -5.733e+01             183.213           4.000e+01     
  40.000          90.000            1.679e+00           1.679e+00             100.102          -5.725e+01             183.494           4.000e+01     
  41.000          90.000            1.577e+00           1.577e+00             100.174          -5.716e+01             183.745           4.000e+01     
  42.000          90.000            1.470e+00           1.470e+00             100.240          -5.708e+01             183.970           4.000e+01     
  43.000          90.000            1.356e+00           1.356e+00             100.299          -5.700e+01             184.169           4.000e+01     
  44.000          90.000            1.237e+00           1.237e+00             100.350          -5.692e+01             184.344           4.000e+01     
  45.000          90.000            1.112e+00           1.112e+00             100.393          -5.684e+01             184.496           4.000e+01     
  46.000          90.000            9.806e-01           9.806e-01             100.429          -5.676e+01             184.627           4.000e+01     
  47.000          90.000            8.430e-01           8.430e-01             100.456          -5.668e+01             184.737           4.000e+01     
  48.000          90.000            6.990e-01           6.990e-01             100.474          -5.661e+01             184.828           4.000e+01     
  49.000          90.000            5.485e-01           5.485e-01             100.482          -5.654e+01             184.902           4.000e+01     
  50.000          90.000            3.912e-01           3.911e-01             100.480          -5.647e+01             184.960           4.000e+01     
  51.000          90.000            2.269e-01           2.269e-01             100.468          -5.640e+01             185.002           4.000e+01     
  52.000          90.000            5.548e-02           5.547e-02             100.443          -5.633e+01             185.030           4.000e+01     
  53.000          90.000           -1.233e-01          -1.233e-01             100.407          -5.627e+01             185.046           4.000e+01     
  54.000          90.000           -3.098e-01          -3.098e-01             100.358          -5.620e+01             185.049           4.000e+01     
  55.000          90.000           -5.041e-01          -5.041e-01             100.294          -5.614e+01             185.042           4.000e+01     
  56.000          90.000           -7.067e-01          -7.067e-01             100.216          -5.608e+01             185.024           4.000e+01     
  57.000          90.000           -9.177e-01          -9.178e-01             100.121          -5.603e+01             184.998           4.000e+01     
  58.000          90.000           -1.138e+00          -1.138e+00             100.008          -5.597e+01             184.964           4.000e+01     
  59.000          90.000           -1.367e+00          -1.367e+00              99.877          -5.592e+01             184.923           4.000e+01     
  60.000          90.000           -1.606e+00          -1.606e+00              99.724          -5.587e+01             184.876           4.000e+01     
  61.000          90.000           -1.855e+00          -1.855e+00              99.549          -5.582e+01             184.824           4.000e+01     
  62.000          90.000           -2.115e+00          -2.115e+00              99.349          -5.577e+01             184.767           4.000e+01     
  63.000          90.000           -2.386e+00          -2.386e+00              99.122          -5.573e+01             184.706           4.000e+01     
  64.000          90.000           -2.669e+00          -2.669e+00              98.864          -5.569e+01             184.642           4.000e+01     
  65.000          90.000           -2.964e+00          -2.964e+00              98.574          -5.565e+01             184.576           4.000e+01     
  66.000          90.000           -3.273e+00          -3.273e+00              98.246          -5.562e+01             184.508           4.000e+01     
  67.000          90.000           -3.596e+00          -3.596e+00              97.877          -5.558e+01             184.439           4.000e+01     
  68.000          90.000           -3.934e+00          -3.934e+00              97.461          -5.555e+01             184.370           4.000e+01     
  69.000          90.000           -4.289e+00          -4.289e+00              96.993          -5.552e+01             184.301           4.000e+01     
  70.000          90.000           -4.660e+00          -4.660e+00              96.466          -5.549e+01             184.232           4.000e+01     
  71.000          90.000           -5.051e+00          -5.051e+00              95.871          -5.547e+01             184.165           4.000e+01     
  72.000          90.000           -5.461e+00          -5.461e+00              95.199          -5.545e+01             184.100           4.000e+01     
  73.000          90.000           -5.893e+00          -5.893e+00              94.438          -5.543e+01             184.037           4.000e+01     
  74.000          90.000           -6.348e+00          -6.348e+00              93.574          -5.541e+01             183.977           4.000e+01     
  75.000          90.000           -6.829e+00          -6.829e+00              92.588          -5.540e+01             183.921           4.000e+01     
  76.000          90.000           -7.337e+00          -7.337e+00              91.460          -5.539e+01             183.868           4.000e+01     
  77.000          90.000           -7.875e+00          -7.875e+00              90.163          -5.538e+01             183.819           4.000e+01     
  78.000          90.000           -8.446e+00          -8.446e+00              88.662          -5.538e+01             183.775           4.000e+01     
  79.000          90.000           -9.051e+00          -9.051e+00              86.917          -5.538e+01             183.736           4.000e+01     
  80.000          90.000           -9.693e+00          -9.693e+00              84.873          -5.538e+01             183.702           4.000e+01     
  81.000          90.000           -1.037e+01          -1.037e+01              82.462          -5.538e+01             183.674           4.000e+01     
  82.000          90.000           -1.109e+01          -1.109e+01              79.595          -5.538e+01             183.653           4.000e+01     
  83.000          90.000           -1.185e+01          -1.185e+01              76.161          -5.539e+01             183.637           4.000e+01     
  84.000          90.000           -1.264e+01          -1.264e+01              72.019          -5.541e+01             183.629           4.000e+01     
  85.000          90.000           -1.345e+01          -1.345e+01              67.001          -5.542e+01             183.628           4.000e+01     
  86.000          90.000           -1.425e+01          -1.425e+01              60.918          -5.544e+01             183.635           4.000e+01     
  87.000          90.000           -1.500e+01          -1.500e+01              53.600          -5.546e+01             183.650           4.000e+01     
  88.000          90.000           -1.563e+01          -1.563e+01              44.970          -5.548e+01             183.672           4.000e+01     
  89.000          90.000           -1.607e+01          -1.607e+01              35.158          -5.551e+01             183.704           4.000e+01     
  90.000          90.000           -1.624e+01          -1.624e+01              24.598          -5.554e+01             183.745           4.000e+01     
  91.000          90.000           -1.611e+01          -1.611e+01              13.974          -5.557e+01             183.795           4.000e+01     
  92.000          90.000           -1.570e+01          -1.570e+01               3.995          -5.561e+01             183.854           4.000e+01     
  93.000          90.000           -1.508e+01          -1.508e+01             355.144          -5.565e+01             183.923           4.000e+01     
  94.000          90.000           -1.433e+01          -1.433e+01             347.597          -5.569e+01             184.003           4.000e+01     
  95.000          90.000           -1.352e+01          -1.352e+01             341.303          -5.573e+01             184.093           4.000e+01     
  96.000          90.000           -1.270e+01          -1.270e+01             336.098          -5.578e+01             184.194           4.000e+01     
  97.000          90.000           -1.189e+01          -1.189e+01             331.796          -5.583e+01             184.306           4.000e+01     
  98.000          90.000           -1.112e+01          -1.112e+01             328.222          -5.589e+01             184.430           4.000e+01     
  99.000          90.000           -1.038e+01          -1.038e+01             325.232          -5.595e+01             184.566           4.000e+01     
 100.000          90.000           -9.678e+00          -9.678e+00             322.709          -5.601e+01             184.713           4.000e+01     
 101.000          90.000           -9.017e+00          -9.017e+00             320.562          -5.607e+01             184.874           4.000e+01     
 102.000          90.000           -8.393e+00          -8.394e+00             318.718          -5.614e+01             185.047           4.000e+01     
 103.000          90.000           -7.805e+00          -7.805e+00             317.124          -5.621e+01             185.233           4.000e+01     
 104.000          90.000           -7.249e+00          -7.249e+00             315.733          -5.628e+01             185.433           4.000e+01     
 105.000          90.000           -6.723e+00          -6.723e+00             314.513          -5.636e+01             185.646           4.000e+01     
 106.000          90.000           -6.224e+00          -6.224e+00             313.434          -5.644e+01             185.874           4.000e+01     
 107.000          90.000           -5.752e+00          -5.752e+00             312.475          -5.652e+01             186.116           4.000e+01     
 108.000          90.000           -5.303e+00          -5.303e+00             311.617          -5.661e+01             186.372           4.000e+01     
 109.000          90.000           -4.876e+00          -4.876e+00             310.846          -5.670e+01             186.643           4.000e+01     
 110.000          90.000           -4.468e+00          -4.469e+00             310.149          -5.679e+01             186.930           4.000e+01     
 111.000          90.000           -4.080e+00          -4.080e+00             309.517          -5.689e+01             187.232           4.000e+01     
 112.000          90.000           -3.709e+00          -3.709e+00             308.940          -5.698e+01             187.549           4.000e+01     
 113.000          90.000           -3.354e+00          -3.354e+00             308.413          -5.709e+01             187.883           4.000e+01     
 114.000          90.000           -3.015e+00          -3.015e+00             307.927          -5.719e+01             188.232           4.000e+01     
 115.000          90.000           -2.689e+00          -2.689e+00             307.480          -5.730e+01             188.598           4.000e+01     
 116.000          90.000           -2.377e+00          -2.377e+00             307.065          -5.741e+01             188.980           4.000e+01     
 117.000          90.000           -2.077e+00          -2.078e+00             306.680          -5.752e+01             189.379           4.000e+01     
 118.000          90.000           -1.790e+00          -1.790e+00             306.320          -5.764e+01             189.794           4.000e+01     
 119.000          90.000           -1.513e+00          -1.513e+00             305.984          -5.775e+01             190.226           4.000e+01     
 120.000          90.000           -1.247e+00          -1.247e+00             305.668          -5.787e+01             190.674           4.000e+01     
 121.000          90.000           -9.908e-01          -9.908e-01             305.370          -5.800e+01             191.139           4.000e+01     
 122.000          90.000           -7.444e-01          -7.444e-01             305.089          -5.812e+01             191.620           4.000e+01     
 123.000          90.000           -5.070e-01          -5.070e-01             304.822          -5.825e+01             192.118           4.000e+01     
 124.000          90.000           -2.784e-01          -2.784e-01             304.569          -5.838e+01             192.631           4.000e+01     
 125.000          90.000           -5.811e-02          -5.812e-02             304.327          -5.851e+01             193.160           4.000e+01     
 126.000          90.000            1.541e-01           1.541e-01             304.096          -5.865e+01             193.704           4.000e+01     
 127.000          90.000            3.587e-01           3.587e-01             303.875          -5.879e+01             194.262           4.000e+01     
 128.000          90.000            5.558e-01           5.557e-01             303.662          -5.892e+01             194.835           4.000e+01     
 129.000          90.000            7.457e-01           7.457e-01             303.456          -5.906e+01             195.421           4.000e+01     
 130.000          90.000            9.287e-01           9.286e-01             303.258          -5.921e+01             196.020           4.000e+01     
 131.000          90.000            1.105e+00           1.105e+00             303.065          -5.935e+01             196.631           4.000e+01     
 132.000          90.000            1.275e+00           1.275e+00             302.878          -5.950e+01             197.252           4.000e+01     
 133.000          90.000            1.438e+00           1.438e+00             302.696          -5.964e+01             197.882           4.000e+01     
 134.000          90.000            1.595e+00           1.595e+00             302.518          -5.979e+01             198.521           4.000e+01     
 135.000          90.000            1.747e+00           1.747e+00             302.344          -5.994e+01             199.167           4.000e+01     
 136.000          90.000            1.892e+00           1.892e+00             302.173          -6.009e+01             199.818           4.000e+01     
 137.000          90.000            2.032e+00           2.032e+00             302.006          -6.025e+01             200.473           4.000e+01     
 138.000          90.000            2.166e+00           2.166e+00             301.840          -6.040e+01             201.130           4.000e+01     
 139.000          90.000            2.294e+00           2.294e+00             301.677          -6.055e+01             201.786           4.000e+01     
 140.000          90.000            2.418e+00           2.418e+00             301.516          -6.071e+01             202.441           4.000e+01     
 141.000          90.000            2.536e+00           2.536e+00             301.357          -6.087e+01             203.091           4.000e+01     
 142.000          90.000            2.648e+00           2.648e+00             301.199          -6.102e+01             203.735           4.000e+01     
 143.000          90.000            2.756e+00           2.756e+00             301.042          -6.118e+01             204.369           4.000e+01     
 144.000          90.000            2.859e+00           2.859e+00             300.886          -6.135e+01             204.992           4.000e+01     
 145.000          90.000            2.956e+00           2.956e+00             300.730          -6.151e+01             205.600           4.000e+01     
 146.000          90.000            3.049e+00           3.049e+00             300.575          -6.167e+01             206.191           4.000e+01     
 147.000          90.000            3.137e+00           3.137e+00             300.420          -6.184e+01             206.762           4.000e+01     
 148.000          90.000            3.220e+00           3.220e+00             300.265          -6.200e+01             207.309           4.000e+01     
 149.000          90.000            3.299e+00           3.299e+00             300.110          -6.217e+01             207.829           4.000e+01     
 150.000          90.000            3.373e+00           3.372e+00             299.955          -6.234e+01             208.320           4.000e+01     
 151.000          90.000            3.442e+00           3.442e+00             299.799          -6.251e+01             208.776           4.000e+01     
 152.000          90.000            3.506e+00           3.506e+00             299.643          -6.269e+01             209.195           4.000e+01     
 153.000          90.000            3.566e+00           3.566e+00             299.486          -6.287e+01             209.573           4.000e+01     
 154.000          90.000            3.622e+00           3.622e+00             299.328          -6.305e+01             209.906           4.000e+01     
 155.000          90.000            3.673e+00           3.673e+00             299.170          -6.323e+01             210.190           4.000e+01     
 156.000          90.000            3.719e+00           3.719e+00             299.010          -6.342e+01             210.420           4.000e+01     
 157.000          90.000            3.762e+00           3.762e+00             298.850          -6.361e+01             210.592           4.000e+01     
 158.000          90.000            3.799e+00           3.799e+00             298.688          -6.380e+01             210.700           4.000e+01     
 159.000          90.000            3.833e+00           3.833e+00             298.525          -6.400e+01             210.741           4.000e+01     
 160.000          90.000            3.862e+00           3.862e+00             298.361          -6.420e+01             210.709           4.000e+01     
 161.000          90.000            3.886e+00           3.886e+00             298.195          -6.440e+01             210.597           4.000e+01     
 162.000          90.000            3.907e+00           3.907e+00             298.028          -6.461e+01             210.401           4.000e+01     
 163.000          90.000            3.923e+00           3.923e+00             297.859          -6.483e+01             210.113           4.000e+01     
 164.000          90.000            3.935e+00           3.935e+00             297.689          -6.505e+01             209.728           4.000e+01     
 165.000          90.000            3.942e+00           3.942e+00             297.517          -6.527e+01             209.237           4.000e+01     
 166.000          90.000            3.946e+00           3.946e+00             297.343          -6.549e+01             208.634           4.000e+01     
 167.000          90.000            3.945e+00           3.945e+00             297.168          -6.572e+01             207.911           4.000e+01     
 168.000          90.000            3.940e+00           3.940e+00             296.991          -6.596e+01             207.059           4.000e+01     
 169.000          90.000            3.930e+00           3.930e+00             296.812          -6.619e+01             206.070           4.000e+01     
 170.000          90.000            3.917e+00           3.917e+00             296.631          -6.643e+01             204.934           4.000e+01     
 171.000          90.000            3.899e+00           3.899e+00             296.449          -6.666e+01             203.645           4.000e+01     
 172.000          90.000            3.878e+00           3.878e+00             296.264          -6.690e+01             202.192           4.000e+01     
 173.000          90.000            3.852e+00           3.852e+00             296.078          -6.713e+01             200.568           4.000e+01     
 174.000          90.000            3.821e+00           3.821e+00             295.889          -6.736e+01             198.766           4.000e+01     
 175.000          90.000            3.787e+00           3.787e+00             295.699          -6.757e+01             196.782           4.000e+01     
 176.000          90.000            3.749e+00           3.749e+00             295.506          -6.778e+01             194.611           4.000e+01     
 177.000          90.000            3.706e+00           3.706e+00             295.312          -6.798e+01             192.254           4.000e+01     
 178.000          90.000            3.660e+00           3.660e+00             295.115          -6.815e+01             189.715           4.000e+01     
 179.000          90.000            3.609e+00           3.609e+00             294.916          -6.831e+01             187.001           4.000e+01     
 180.000          90.000            3.554e+00           3.554e+00             294.715          -6.844e+01             184.123           4.000e+01     
 179.000         270.000            3.496e+00           3.496e+00             114.512          -6.854e+01               1.106           4.000e+01     
 178.000         270.000            3.433e+00           3.433e+00             114.307          -6.861e+01             357.972           4.000e+01     
 177.000         270.000            3.366e+00           3.366e+00             114.100          -6.864e+01             354.748           4.000e+01     
 176.000         270.000            3.295e+00           3.295e+00             113.891          -6.864e+01             351.467           4.000e+01     
 175.000         270.000            3.220e+00           3.220e+00             113.680          -6.860e+01             348.164           4.000e+01     
 174.000         270.000            3.141e+00           3.141e+00             113.467          -6.853e+01             344.874           4.000e+01     
 173.000         270.000            3.058e+00           3.058e+00             113.251          -6.842e+01             341.630           4.000e+01     
 172.000         270.000            2.971e+00           2.971e+00             113.034          -6.828e+01             338.464           4.000e+01     
 171.000         270.000            2.880e+00           2.880e+00             112.814          -6.811e+01             335.400           4.000e+01     
 170.000         270.000            2.786e+00           2.786e+00             112.593          -6.791e+01             332.461           4.000e+01     
 169.000         270.000            2.687e+00           2.687e+00             112.369          -6.770e+01             329.661           4.000e+01     
 168.000         270.000            2.584e+00           2.584e+00             112.144          -6.746e+01             327.012           4.000e+01     
 167.000         270.000            2.478e+00           2.478e+00             111.916          -6.721e+01             324.518           4.000e+01     
 166.000         270.000            2.367e+00           2.367e+00             111.687          -6.695e+01             322.181           4.000e+01     
 165.000         270.000            2.253e+00           2.253e+00             111.456          -6.668e+01             320.000           4.000e+01     
 164.000         270.000            2.135e+00           2.135e+00             111.223          -6.640e+01             317.969           4.000e+01     
 163.000         270.000            2.013e+00           2.013e+00             110.988          -6.613e+01             316.084           4.000e+01     
 162.000         270.000            1.887e+00           1.887e+00             110.752          -6.585e+01             314.337           4.000e+01     
 161.000         270.000            1.758e+00           1.758e+00             110.513          -6.558e+01             312.720           4.000e+01     
 160.000         270.000            1.624e+00           1.624e+00             110.274          -6.530e+01             311.224           4.000e+01     
 159.000         270.000            1.487e+00           1.487e+00             110.033          -6.504e+01             309.842           4.000e+01     
 158.000         270.000            1.347e+00           1.347e+00             109.790          -6.477e+01             308.565           4.000e+01     
 157.000         270.000            1.202e+00           1.202e+00             109.546          -6.452e+01             307.385           4.000e+01     
 156.000         270.000            1.054e+00           1.054e+00             109.301          -6.426e+01             306.295           4.000e+01     
 155.000         270.000            9.024e-01           9.024e-01             109.055          -6.402e+01             305.289           4.000e+01     
 154.000         270.000            7.471e-01           7.471e-01             108.808          -6.378e+01             304.359           4.000e+01     
 153.000         270.000            5.882e-01           5.882e-01             108.560          -6.356e+01             303.499           4.000e+01     
 152.000         270.000            4.258e-01           4.258e-01             108.311          -6.333e+01             302.704           4.000e+01     
 151.000         270.000            2.599e-01           2.599e-01             108.062          -6.312e+01             301.969           4.000e+01     
 150.000         270.000            9.042e-02           9.041e-02             107.813          -6.292e+01             301.289           4.000e+01     
 149.000         270.000           -8.249e-02          -8.249e-02             107.563          -6.272e+01             300.660           4.000e+01     
 148.000         270.000           -2.588e-01          -2.588e-01             107.314          -6.253e+01             300.078           4.000e+01     
 147.000         270.000           -4.386e-01          -4.386e-01             107.064          -6.234e+01             299.539           4.000e+01     
 146.000         270.000           -6.217e-01          -6.217e-01             106.816          -6.217e+01             299.041           4.000e+01     
 145.000         270.000           -8.081e-01          -8.081e-01             106.568          -6.200e+01             298.579           4.000e+01     
 144.000         270.000           -9.978e-01          -9.978e-01             106.321          -6.184e+01             298.152           4.000e+01     
 143.000         270.000           -1.191e+00          -1.191e+00             106.075          -6.168e+01             297.756           4.000e+01     
 142.000         270.000           -1.387e+00          -1.387e+00             105.831          -6.153e+01             297.390           4.000e+01     
 141.000         270.000           -1.587e+00          -1.587e+00             105.590          -6.139e+01             297.052           4.000e+01     
 140.000         270.000           -1.789e+00          -1.789e+00             105.350          -6.126e+01             296.739           4.000e+01     
 139.000         270.000           -1.995e+00          -1.995e+00             105.113          -6.113e+01             296.449           4.000e+01     
 138.000         270.000           -2.204e+00          -2.204e+00             104.880          -6.100e+01             296.182           4.000e+01     
 137.000         270.000           -2.416e+00          -2.416e+00             104.649          -6.089e+01             295.935           4.000e+01     
 136.000         270.000           -2.631e+00          -2.631e+00             104.424          -6.077e+01             295.707           4.000e+01     
 135.000         270.000           -2.849e+00          -2.849e+00             104.202          -6.067e+01             295.496           4.000e+01     
 134.000         270.000           -3.069e+00          -3.070e+00             103.986          -6.056e+01             295.303           4.000e+01     
 133.000         270.000           -3.293e+00          -3.293e+00             103.775          -6.047e+01             295.124           4.000e+01     
 132.000         270.000           -3.520e+00          -3.520e+00             103.571          -6.038e+01             294.960           4.000e+01     
 131.000         270.000           -3.750e+00          -3.750e+00             103.374          -6.029e+01             294.810           4.000e+01     
 130.000         270.000           -3.983e+00          -3.983e+00             103.184          -6.020e+01             294.671           4.000e+01     
 129.000         270.000           -4.218e+00          -4.218e+00             103.003          -6.012e+01             294.544           4.000e+01     
 128.000         270.000           -4.456e+00          -4.456e+00             102.831          -6.005e+01             294.428           4.000e+01     
 127.000         270.000           -4.697e+00          -4.697e+00             102.669          -5.998e+01             294.321           4.000e+01     
 126.000         270.000           -4.941e+00          -4.941e+00             102.518          -5.991e+01             294.223           4.000e+01     
 125.000         270.000           -5.188e+00          -5.188e+00             102.379          -5.984e+01             294.134           4.000e+01     
 124.000         270.000           -5.438e+00          -5.438e+00             102.253          -5.978e+01             294.052           4.000e+01     
 123.000         270.000           -5.690e+00          -5.690e+00             102.140          -5.972e+01             293.977           4.000e+01     
 122.000         270.000           -5.945e+00          -5.945e+00             102.043          -5.966e+01             293.908           4.000e+01     
 121.000         270.000           -6.203e+00          -6.203e+00             101.962          -5.961e+01             293.845           4.000e+01     
 120.000         270.000           -6.464e+00          -6.464e+00             101.898          -5.956e+01             293.787           4.000e+01     
 119.000         270.000           -6.728e+00          -6.728e+00             101.854          -5.951e+01             293.734           4.000e+01     
 118.000         270.000           -6.995e+00          -6.995e+00             101.829          -5.946e+01             293.684           4.000e+01     
 117.000         270.000           -7.264e+00          -7.264e+00             101.827          -5.942e+01             293.638           4.000e+01     
 116.000         270.000           -7.537e+00          -7.537e+00             101.848          -5.937e+01             293.595           4.000e+01     
 115.000         270.000           -7.813e+00          -7.813e+00             101.894          -5.933e+01             293.554           4.000e+01     
 114.000         270.000           -8.092e+00          -8.092e+00             101.967          -5.929e+01             293.515           4.000e+01     
 113.000         270.000           -8.374e+00          -8.374e+00             102.070          -5.925e+01             293.477           4.000e+01     
 112.000         270.000           -8.659e+00          -8.659e+00             102.203          -5.921e+01             293.441           4.000e+01     
 111.000         270.000           -8.948e+00          -8.948e+00             102.370          -5.917e+01             293.405           4.000e+01     
 110.000         270.000           -9.240e+00          -9.240e+00             102.573          -5.913e+01             293.370           4.000e+01     
 109.000         270.000           -9.536e+00          -9.536e+00             102.815          -5.909e+01             293.334           4.000e+01     
 108.000         270.000           -9.836e+00          -9.836e+00             103.098          -5.906e+01             293.298           4.000e+01     
 107.000         270.000           -1.014e+01          -1.014e+01             103.425          -5.902e+01             293.261           4.000e+01     
 106.000         270.000           -1.045e+01          -1.045e+01             103.801          -5.899e+01             293.223           4.000e+01     
 105.000         270.000           -1.076e+01          -1.076e+01             104.228          -5.895e+01             293.184           4.000e+01     
 104.000         270.000           -1.107e+01          -1.107e+01             104.710          -5.891e+01             293.143           4.000e+01     
 103.000         270.000           -1.140e+01          -1.140e+01             105.252          -5.888e+01             293.101           4.000e+01     
 102.000         270.000           -1.172e+01          -1.172e+01             105.859          -5.884e+01             293.056           4.000e+01     
 101.000         270.000           -1.205e+01          -1.205e+01             106.535          -5.881e+01             293.010           4.000e+01     
 100.000         270.000           -1.239e+01          -1.239e+01             107.288          -5.877e+01             292.961           4.000e+01     
  99.000         270.000           -1.273e+01          -1.273e+01             108.122          -5.873e+01             292.910           4.000e+01     
  98.000         270.000           -1.307e+01          -1.307e+01             109.046          -5.869e+01             292.856           4.000e+01     
  97.000         270.000           -1.342e+01          -1.342e+01             110.067          -5.865e+01             292.800           4.000e+01     
  96.000         270.000           -1.378e+01          -1.378e+01             111.194          -5.861e+01             292.741           4.000e+01     
  95.000         270.000           -1.414e+01          -1.414e+01             112.437          -5.857e+01             292.680           4.000e+01     
  94.000         270.000           -1.451e+01          -1.451e+01             113.808          -5.853e+01             292.617           4.000e+01     
  93.000         270.000           -1.488e+01          -1.488e+01             115.317          -5.849e+01             292.551           4.000e+01     
  92.000         270.000           -1.526e+01          -1.526e+01             116.979          -5.845e+01             292.483           4.000e+01     
  91.000         270.000           -1.564e+01          -1.564e+01             118.809          -5.840e+01             292.413           4.000e+01     
  90.000         270.000           -1.602e+01          -1.602e+01             120.823          -5.836e+01             292.341           4.000e+01     
  89.000         270.000           -1.641e+01          -1.641e+01             123.038          -5.832e+01             292.268           4.000e+01     
  88.000         270.000           -1.679e+01          -1.679e+01             125.475          -5.827e+01             292.193           4.000e+01     
  87.000         270.000           -1.717e+01          -1.717e+01             128.151          -5.822e+01             292.116           4.000e+01     
  86.000         270.000           -1.755e+01          -1.755e+01             131.086          -5.818e+01             292.038           4.000e+01     
  85.000         270.000           -1.791e+01          -1.791e+01             134.299          -5.813e+01             291.960           4.000e+01     
  84.000         270.000           -1.826e+01          -1.826e+01             137.805          -5.808e+01             291.881           4.000e+01     
  83.000         270.000           -1.858e+01          -1.858e+01             141.614          -5.803e+01             291.802           4.000e+01     
  82.000         270.000           -1.888e+01          -1.888e+01             145.728          -5.798e+01             291.724           4.000e+01     
  81.000         270.000           -1.913e+01          -1.913e+01             150.138          -5.793e+01             291.645           4.000e+01     
  80.000         270.000           -1.934e+01          -1.934e+01             154.823          -5.787e+01             291.568           4.000e+01     
  79.000         270.000           -1.949e+01          -1.949e+01             159.744          -5.782e+01             291.492           4.000e+01     
  78.000         270.000           -1.958e+01          -1.958e+01             164.849          -5.777e+01             291.417           4.000e+01     
  77.000         270.000           -1.960e+01          -1.960e+01             170.069          -5.772e+01             291.344           3.948e+01     
  76.000         270.000           -1.955e+01          -1.955e+01             175.329          -5.767e+01             291.274           3.903e+01     
  75.000         270.000           -1.943e+01          -1.943e+01             180.551          -5.761e+01             291.206           3.875e+01     
  74.000         270.000           -1.925e+01          -1.925e+01             185.659          -5.756e+01             291.142           3.863e+01     
  73.000         270.000           -1.900e+01          -1.900e+01             190.591          -5.751e+01             291.081           3.865e+01     
  72.000         270.000           -1.870e+01          -1.870e+01             195.297          -5.745e+01             291.024           3.879e+01     
  71.000         270.000           -1.836e+01          -1.836e+01             199.745          -5.740e+01             290.972           3.904e+01     
  70.000         270.000           -1.798e+01          -1.798e+01             203.917          -5.735e+01             290.924           3.938e+01     
  69.000         270.000           -1.758e+01          -1.758e+01             207.808          -5.730e+01             290.881           3.978e+01     
  68.000         270.000           -1.715e+01          -1.715e+01             211.422          -5.725e+01             290.843           4.000e+01     
  67.000         270.000           -1.671e+01          -1.671e+01             214.771          -5.720e+01             290.812           4.000e+01     
  66.000         270.000           -1.627e+01          -1.627e+01             217.871          -5.715e+01             290.787           4.000e+01     
  65.000         270.000           -1.581e+01          -1.581e+01             220.740          -5.710e+01             290.768           4.000e+01     
  64.000         270.000           -1.536e+01          -1.536e+01             223.397          -5.705e+01             290.756           4.000e+01     
  63.000         270.000           -1.491e+01          -1.491e+01             225.861          -5.700e+01             290.752           4.000e+01     
  62.000         270.000           -1.446e+01          -1.446e+01             228.150          -5.696e+01             290.755           4.000e+01     
  61.000         270.000           -1.401e+01          -1.401e+01             230.281          -5.692e+01             290.766           4.000e+01     
  60.000         270.000           -1.357e+01          -1.357e+01             232.269          -5.687e+01             290.786           4.000e+01     
  59.000         270.000           -1.314e+01          -1.314e+01             234.127          -5.683e+01             290.814           4.000e+01     
  58.000         270.000           -1.271e+01          -1.272e+01             235.868          -5.679e+01             290.852           4.000e+01     
  57.000         270.000           -1.230e+01          -1.230e+01             237.504          -5.676e+01             290.899           4.000e+01     
  56.000         270.000           -1.188e+01          -1.188e+01             239.045          -5.672e+01             290.955           4.000e+01     
  55.000         270.000           -1.148e+01          -1.148e+01             240.498          -5.669e+01             291.022           4.000e+01     
  54.000         270.000           -1.108e+01          -1.108e+01             241.873          -5.666e+01             291.099           4.000e+01     
  53.000         270.000           -1.069e+01          -1.069e+01             243.175          -5.663e+01             291.187           4.000e+01     
  52.000         270.000           -1.031e+01          -1.031e+01             244.412          -5.661e+01             291.286           4.000e+01     
  51.000         270.000           -9.936e+00          -9.936e+00             245.589          -5.658e+01             291.396           4.000e+01     
  50.000         270.000           -9.568e+00          -9.568e+00             246.710          -5.656e+01             291.518           4.000e+01     
  49.000         270.000           -9.207e+00          -9.207e+00             247.780          -5.654e+01             291.653           4.000e+01     
  48.000         270.000           -8.852e+00          -8.852e+00             248.802          -5.653e+01             291.799           4.000e+01     
  47.000         270.000           -8.505e+00          -8.505e+00             249.782          -5.652e+01             291.959           4.000e+01     
  46.000         270.000           -8.164e+00          -8.164e+00             250.720          -5.651e+01             292.132           4.000e+01     
  45.000         270.000           -7.829e+00          -7.829e+00             251.621          -5.650e+01             292.319           4.000e+01     
  44.000         270.000           -7.500e+00          -7.500e+00             252.487          -5.650e+01             292.519           4.000e+01     
  43.000         270.000           -7.178e+00          -7.178e+00             253.320          -5.650e+01             292.734           4.000e+01     
  42.000         270.000           -6.862e+00          -6.862e+00             254.122          -5.650e+01             292.964           4.000e+01     
  41.000         270.000           -6.552e+00          -6.552e+00             254.895          -5.651e+01             293.210           4.000e+01     
  40.000         270.000           -6.248e+00          -6.248e+00             255.640          -5.651e+01             293.471           4.000e+01     
  39.000         270.000           -5.949e+00          -5.949e+00             256.361          -5.653e+01             293.748           4.000e+01     
  38.000         270.000           -5.657e+00          -5.657e+00             257.057          -5.654e+01             294.042           4.000e+01     
  37.000         270.000           -5.369e+00          -5.370e+00             257.730          -5.656e+01             294.354           4.000e+01     
  36.000         270.000           -5.088e+00          -5.088e+00             258.382          -5.659e+01             294.683           4.000e+01     
  35.000         270.000           -4.812e+00          -4.812e+00             259.013          -5.662e+01             295.031           4.000e+01     
  34.000         270.000           -4.542e+00          -4.542e+00             259.624          -5.665e+01             295.398           4.000e+01     
  33.000         270.000           -4.277e+00          -4.277e+00             260.217          -5.668e+01             295.784           4.000e+01     
  32.000         270.000           -4.017e+00          -4.017e+00             260.793          -5.672e+01             296.191           4.000e+01     
  31.000         270.000           -3.763e+00          -3.763e+00             261.351          -5.676e+01             296.618           4.000e+01     
  30.000         270.000           -3.514e+00          -3.514e+00             261.894          -5.680e+01             297.068           4.000e+01     
  29.000         270.000           -3.270e+00          -3.270e+00             262.421          -5.685e+01             297.539           4.000e+01     
  28.000         270.000           -3.032e+00          -3.032e+00             262.934          -5.690e+01             298.034           4.000e+01     
  27.000         270.000           -2.798e+00          -2.798e+00             263.432          -5.696e+01             298.553           4.000e+01     
  26.000         270.000           -2.570e+00          -2.570e+00             263.917          -5.702e+01             299.096           4.000e+01     
  25.000         270.000           -2.347e+00          -2.347e+00             264.390          -5.708e+01             299.665           4.000e+01     
  24.000         270.000           -2.129e+00          -2.129e+00             264.850          -5.714e+01             300.260           4.000e+01     
  23.000         270.000           -1.916e+00          -1.916e+00             265.298          -5.721e+01             300.882           4.000e+01     
  22.000         270.000           -1.709e+00          -1.709e+00             265.735          -5.728e+01             301.532           4.000e+01     
  21.000         270.000           -1.506e+00          -1.506e+00             266.161          -5.736e+01             302.211           4.000e+01     
  20.000         270.000           -1.308e+00          -1.308e+00             266.577          -5.743e+01             302.919           4.000e+01     
  19.000         270.000           -1.115e+00          -1.115e+00             266.982          -5.751e+01             303.658           4.000e+01     
  18.000         270.000           -9.274e-01          -9.274e-01             267.378          -5.759e+01             304.429           4.000e+01     
  17.000         270.000           -7.445e-01          -7.445e-01             267.764          -5.768e+01             305.231           4.000e+01     
  16.000         270.000           -5.666e-01          -5.666e-01             268.142          -5.776e+01             306.066           4.000e+01     
  15.000         270.000           -3.937e-01          -3.937e-01             268.511          -5.785e+01             306.935           4.000e+01     
  14.000         270.000           -2.256e-01          -2.256e-01             268.871          -5.793e+01             307.838           4.000e+01     
  13.000         270.000           -6.251e-02          -6.251e-02             269.223          -5.802e+01             308.775           4.000e+01     
  12.000         270.000            9.573e-02           9.572e-02             269.568          -5.811e+01             309.747           4.000e+01     
  11.000         270.000            2.491e-01           2.491e-01             269.905          -5.820e+01             310.755           4.000e+01     
  10.000         270.000            3.975e-01           3.975e-01             270.234          -5.829e+01             311.798           4.000e+01     
   9.000         270.000            5.412e-01           5.411e-01             270.557          -5.838e+01             312.876           4.000e+01     
   8.000         270.000            6.799e-01           6.799e-01             270.872          -5.846e+01             313.989           4.000e+01     
   7.000         270.000            8.138e-01           8.138e-01             271.181          -5.855e+01             315.137           4.000e+01     
   6.000         270.000            9.429e-01           9.429e-01             271.484          -5.863e+01             316.319           4.000e+01     
   5.000         270.000            1.067e+00           1.067e+00             271.780          -5.871e+01             317.534           4.000e+01     
   4.000         270.000            1.187e+00           1.187e+00             272.070          -5.879e+01             318.781           4.000e+01     
   3.000         270.000            1.301e+00           1.301e+00             272.355          -5.887e+01             320.058           4.000e+01     
   2.000         270.000            1.411e+00           1.411e+00             272.633          -5.894e+01             321.363           4.000e+01     
   1.000         270.000            1.516e+00           1.516e+00             272.906          -5.900e+01             322.695           4.000e+01     
