Theta [deg.]     Phi[deg.]       Abs(Gain)[dBi]      Abs(Theta)[dBi]   Phase(Theta)[deg.]     Abs(Phi)[dBi]      Phase(Phi)[deg.]      Ax.Ratio[dB]    
   0.000           0.000            1.616e+00          -5.907e+01             324.050           1.616e+00              93.174           4.000e+01     
   1.000           0.000            1.616e+00          -6.923e+01             357.416           1.616e+00              93.177           4.000e+01     
   2.000           0.000            1.614e+00          -6.365e+01             108.647           1.614e+00              93.187           4.000e+01     
   3.000           0.000            1.612e+00          -5.662e+01             121.249           1.612e+00              93.204           4.000e+01     
   4.000           0.000            1.609e+00          -5.272e+01             124.791           1.609e+00              93.228           4.000e+01     
   5.000           0.000            1.606e+00          -5.002e+01             126.432           1.606e+00              93.258           4.000e+01     
   6.000           0.000            1.601e+00          -4.797e+01             127.370           1.601e+00              93.296           4.000e+01     
   7.000           0.000            1.596e+00          -4.631e+01             127.967           1.596e+00              93.340           4.000e+01     
   8.000           0.000            1.590e+00          -4.492e+01             128.375           1.589e+00              93.392           4.000e+01     
   9.000           0.000            1.583e+00          -4.373e+01             128.664           1.582e+00              93.450           4.000e+01     
  10.000           0.000            1.575e+00          -4.268e+01             128.875           1.575e+00              93.515           4.000e+01     
  11.000           0.000            1.566e+00          -4.175e+01             129.029           1.566e+00              93.586           4.000e+01     
  12.000           0.000            1.557e+00          -4.091e+01             129.142           1.557e+00              93.665           4.000e+01     
  13.000           0.000            1.547e+00          -4.015e+01             129.222           1.547e+00              93.749           4.000e+01     
  14.000           0.000            1.536e+00          -3.946e+01             129.277           1.536e+00              93.841           4.000e+01     
  15.000           0.000            1.525e+00          -3.882e+01             129.311           1.525e+00              93.939           4.000e+01     
  16.000           0.000            1.513e+00          -3.822e+01             129.327           1.513e+00              94.043           4.000e+01     
  17.000           0.000            1.500e+00          -3.767e+01             129.328           1.500e+00              94.154           4.000e+01     
  18.000           0.000            1.487e+00          -3.716e+01             129.315           1.486e+00              94.271           4.000e+01     
  19.000           0.000            1.473e+00          -3.667e+01             129.291           1.472e+00              94.394           4.000e+01     
  20.000           0.000            1.458e+00          -3.622e+01             129.256           1.457e+00              94.523           4.000e+01     
  21.000           0.000            1.443e+00          -3.579e+01             129.211           1.442e+00              94.658           4.000e+01     
  22.000           0.000            1.427e+00          -3.539e+01             129.157           1.426e+00              94.799           4.000e+01     
  23.000           0.000            1.411e+00          -3.501e+01             129.094           1.410e+00              94.946           4.000e+01     
  24.000           0.000            1.394e+00          -3.465e+01             129.023           1.393e+00              95.099           4.000e+01     
  25.000           0.000            1.376e+00          -3.430e+01             128.944           1.375e+00              95.257           4.000e+01     
  26.000           0.000            1.359e+00          -3.397e+01             128.857           1.357e+00              95.421           4.000e+01     
  27.000           0.000            1.340e+00          -3.366e+01             128.764           1.339e+00              95.590           4.000e+01     
  28.000           0.000            1.322e+00          -3.336e+01             128.663           1.320e+00              95.764           3.999e+01     
  29.000           0.000            1.303e+00          -3.308e+01             128.555           1.301e+00              95.944           3.975e+01     
  30.000           0.000            1.283e+00          -3.281e+01             128.441           1.282e+00              96.128           3.953e+01     
  31.000           0.000            1.264e+00          -3.255e+01             128.320           1.262e+00              96.317           3.933e+01     
  32.000           0.000            1.244e+00          -3.230e+01             128.192           1.242e+00              96.511           3.914e+01     
  33.000           0.000            1.223e+00          -3.206e+01             128.058           1.221e+00              96.709           3.896e+01     
  34.000           0.000            1.203e+00          -3.183e+01             127.917           1.201e+00              96.912           3.880e+01     
  35.000           0.000            1.182e+00          -3.162e+01             127.770           1.180e+00              97.119           3.865e+01     
  36.000           0.000            1.162e+00          -3.141e+01             127.617           1.159e+00              97.330           3.851e+01     
  37.000           0.000            1.141e+00          -3.120e+01             127.457           1.138e+00              97.545           3.839e+01     
  38.000           0.000            1.120e+00          -3.101e+01             127.290           1.117e+00              97.764           3.828e+01     
  39.000           0.000            1.099e+00          -3.082e+01             127.118           1.096e+00              97.986           3.818e+01     
  40.000           0.000            1.078e+00          -3.064e+01             126.939           1.075e+00              98.212           3.809e+01     
  41.000           0.000            1.057e+00          -3.047e+01             126.753           1.054e+00              98.441           3.801e+01     
  42.000           0.000            1.036e+00          -3.031e+01             126.561           1.033e+00              98.673           3.794e+01     
  43.000           0.000            1.015e+00          -3.015e+01             126.363           1.012e+00              98.908           3.789e+01     
  44.000           0.000            9.945e-01          -3.000e+01             126.158           9.911e-01              99.145           3.785e+01     
  45.000           0.000            9.741e-01          -2.985e+01             125.947           9.705e-01              99.385           3.782e+01     
  46.000           0.000            9.538e-01          -2.971e+01             125.729           9.501e-01              99.627           3.779e+01     
  47.000           0.000            9.339e-01          -2.957e+01             125.505           9.300e-01              99.871           3.778e+01     
  48.000           0.000            9.142e-01          -2.944e+01             125.274           9.102e-01             100.117           3.779e+01     
  49.000           0.000            8.948e-01          -2.931e+01             125.037           8.907e-01             100.364           3.780e+01     
  50.000           0.000            8.758e-01          -2.919e+01             124.794           8.716e-01             100.613           3.782e+01     
  51.000           0.000            8.573e-01          -2.908e+01             124.543           8.528e-01             100.864           3.786e+01     
  52.000           0.000            8.391e-01          -2.897e+01             124.287           8.346e-01             101.115           3.791e+01     
  53.000           0.000            8.214e-01          -2.886e+01             124.024           8.168e-01             101.367           3.797e+01     
  54.000           0.000            8.043e-01          -2.875e+01             123.754           7.995e-01             101.620           3.804e+01     
  55.000           0.000            7.877e-01          -2.866e+01             123.477           7.828e-01             101.873           3.813e+01     
  56.000           0.000            7.717e-01          -2.856e+01             123.195           7.666e-01             102.127           3.822e+01     
  57.000           0.000            7.563e-01          -2.847e+01             122.905           7.511e-01             102.380           3.833e+01     
  58.000           0.000            7.416e-01          -2.838e+01             122.610           7.362e-01             102.633           3.846e+01     
  59.000           0.000            7.275e-01          -2.830e+01             122.307           7.221e-01             102.886           3.859e+01     
  60.000           0.000            7.142e-01          -2.822e+01             121.999           7.086e-01             103.139           3.874e+01     
  61.000           0.000            7.016e-01          -2.814e+01             121.683           6.959e-01             103.390           3.891e+01     
  62.000           0.000            6.898e-01          -2.806e+01             121.362           6.840e-01             103.641           3.909e+01     
  63.000           0.000            6.788e-01          -2.799e+01             121.034           6.729e-01             103.890           3.929e+01     
  64.000           0.000            6.687e-01          -2.793e+01             120.700           6.627e-01             104.138           3.950e+01     
  65.000           0.000            6.594e-01          -2.786e+01             120.360           6.533e-01             104.385           3.973e+01     
  66.000           0.000            6.510e-01          -2.780e+01             120.013           6.448e-01             104.629           3.998e+01     
  67.000           0.000            6.436e-01          -2.774e+01             119.661           6.373e-01             104.872           4.000e+01     
  68.000           0.000            6.371e-01          -2.768e+01             119.302           6.307e-01             105.113           4.000e+01     
  69.000           0.000            6.316e-01          -2.763e+01             118.938           6.251e-01             105.352           4.000e+01     
  70.000           0.000            6.271e-01          -2.758e+01             118.568           6.205e-01             105.588           4.000e+01     
  71.000           0.000            6.236e-01          -2.753e+01             118.192           6.169e-01             105.822           4.000e+01     
  72.000           0.000            6.211e-01          -2.748e+01             117.810           6.144e-01             106.053           4.000e+01     
  73.000           0.000            6.197e-01          -2.744e+01             117.423           6.129e-01             106.281           4.000e+01     
  74.000           0.000            6.193e-01          -2.740e+01             117.031           6.125e-01             106.506           4.000e+01     
  75.000           0.000            6.201e-01          -2.736e+01             116.633           6.132e-01             106.728           4.000e+01     
  76.000           0.000            6.220e-01          -2.732e+01             116.231           6.150e-01             106.947           4.000e+01     
  77.000           0.000            6.250e-01          -2.728e+01             115.823           6.179e-01             107.163           4.000e+01     
  78.000           0.000            6.291e-01          -2.725e+01             115.411           6.220e-01             107.375           4.000e+01     
  79.000           0.000            6.344e-01          -2.722e+01             114.994           6.272e-01             107.584           4.000e+01     
  80.000           0.000            6.408e-01          -2.719e+01             114.573           6.336e-01             107.789           4.000e+01     
  81.000           0.000            6.484e-01          -2.716e+01             114.148           6.412e-01             107.991           4.000e+01     
  82.000           0.000            6.571e-01          -2.714e+01             113.719           6.499e-01             108.188           4.000e+01     
  83.000           0.000            6.671e-01          -2.712e+01             113.286           6.598e-01             108.382           4.000e+01     
  84.000           0.000            6.782e-01          -2.710e+01             112.849           6.709e-01             108.572           4.000e+01     
  85.000           0.000            6.904e-01          -2.708e+01             112.409           6.832e-01             108.759           4.000e+01     
  86.000           0.000            7.039e-01          -2.706e+01             111.966           6.966e-01             108.941           4.000e+01     
  87.000           0.000            7.185e-01          -2.704e+01             111.521           7.113e-01             109.119           4.000e+01     
  88.000           0.000            7.343e-01          -2.703e+01             111.072           7.271e-01             109.293           4.000e+01     
  89.000           0.000            7.513e-01          -2.702e+01             110.621           7.440e-01             109.464           4.000e+01     
  90.000           0.000            7.694e-01          -2.700e+01             110.168           7.622e-01             109.630           4.000e+01     
  91.000           0.000            7.887e-01          -2.700e+01             109.714           7.815e-01             109.792           4.000e+01     
  92.000           0.000            8.091e-01          -2.699e+01             109.257           8.019e-01             109.951           4.000e+01     
  93.000           0.000            8.307e-01          -2.698e+01             108.799           8.235e-01             110.105           4.000e+01     
  94.000           0.000            8.534e-01          -2.698e+01             108.340           8.462e-01             110.255           4.000e+01     
  95.000           0.000            8.772e-01          -2.698e+01             107.880           8.700e-01             110.401           4.000e+01     
  96.000           0.000            9.020e-01          -2.698e+01             107.420           8.949e-01             110.544           4.000e+01     
  97.000           0.000            9.280e-01          -2.698e+01             106.959           9.209e-01             110.682           4.000e+01     
  98.000           0.000            9.550e-01          -2.698e+01             106.498           9.480e-01             110.817           4.000e+01     
  99.000           0.000            9.830e-01          -2.699e+01             106.038           9.761e-01             110.948           4.000e+01     
 100.000           0.000            1.012e+00          -2.699e+01             105.578           1.005e+00             111.075           4.000e+01     
 101.000           0.000            1.042e+00          -2.700e+01             105.119           1.035e+00             111.199           4.000e+01     
 102.000           0.000            1.073e+00          -2.701e+01             104.661           1.066e+00             111.318           4.000e+01     
 103.000           0.000            1.105e+00          -2.703e+01             104.205           1.098e+00             111.435           4.000e+01     
 104.000           0.000            1.138e+00          -2.704e+01             103.750           1.131e+00             111.548           4.000e+01     
 105.000           0.000            1.172e+00          -2.706e+01             103.297           1.165e+00             111.657           4.000e+01     
 106.000           0.000            1.206e+00          -2.708e+01             102.846           1.200e+00             111.763           4.000e+01     
 107.000           0.000            1.242e+00          -2.710e+01             102.397           1.235e+00             111.866           4.000e+01     
 108.000           0.000            1.278e+00          -2.712e+01             101.952           1.271e+00             111.966           4.000e+01     
 109.000           0.000            1.315e+00          -2.714e+01             101.509           1.308e+00             112.062           4.000e+01     
 110.000           0.000            1.352e+00          -2.717e+01             101.069           1.346e+00             112.156           4.000e+01     
 111.000           0.000            1.391e+00          -2.720e+01             100.633           1.385e+00             112.247           4.000e+01     
 112.000           0.000            1.430e+00          -2.723e+01             100.200           1.424e+00             112.335           4.000e+01     
 113.000           0.000            1.469e+00          -2.726e+01              99.772           1.464e+00             112.420           4.000e+01     
 114.000           0.000            1.510e+00          -2.730e+01              99.347           1.504e+00             112.502           4.000e+01     
 115.000           0.000            1.550e+00          -2.734e+01              98.927           1.545e+00             112.582           4.000e+01     
 116.000           0.000            1.592e+00          -2.738e+01              98.511           1.586e+00             112.660           4.000e+01     
 117.000           0.000            1.633e+00          -2.743e+01              98.100           1.628e+00             112.735           4.000e+01     
 118.000           0.000            1.676e+00          -2.747e+01              97.693           1.670e+00             112.808           4.000e+01     
 119.000           0.000            1.718e+00          -2.752e+01              97.292           1.713e+00             112.878           4.000e+01     
 120.000           0.000            1.761e+00          -2.758e+01              96.896           1.756e+00             112.946           4.000e+01     
 121.000           0.000            1.804e+00          -2.763e+01              96.506           1.799e+00             113.013           4.000e+01     
 122.000           0.000            1.848e+00          -2.769e+01              96.121           1.843e+00             113.077           4.000e+01     
 123.000           0.000            1.891e+00          -2.776e+01              95.742           1.887e+00             113.139           4.000e+01     
 124.000           0.000            1.935e+00          -2.782e+01              95.369           1.931e+00             113.200           4.000e+01     
 125.000           0.000            1.979e+00          -2.789e+01              95.002           1.975e+00             113.258           3.996e+01     
 126.000           0.000            2.023e+00          -2.797e+01              94.641           2.019e+00             113.315           3.989e+01     
 127.000           0.000            2.067e+00          -2.805e+01              94.286           2.063e+00             113.370           3.983e+01     
 128.000           0.000            2.112e+00          -2.813e+01              93.938           2.108e+00             113.424           3.978e+01     
 129.000           0.000            2.156e+00          -2.821e+01              93.596           2.152e+00             113.476           3.974e+01     
 130.000           0.000            2.200e+00          -2.831e+01              93.261           2.196e+00             113.527           3.972e+01     
 131.000           0.000            2.244e+00          -2.840e+01              92.932           2.240e+00             113.576           3.970e+01     
 132.000           0.000            2.288e+00          -2.850e+01              92.611           2.284e+00             113.624           3.970e+01     
 133.000           0.000            2.331e+00          -2.861e+01              92.296           2.328e+00             113.670           3.971e+01     
 134.000           0.000            2.375e+00          -2.871e+01              91.989           2.371e+00             113.715           3.972e+01     
 135.000           0.000            2.418e+00          -2.883e+01              91.688           2.415e+00             113.759           3.975e+01     
 136.000           0.000            2.461e+00          -2.895e+01              91.395           2.458e+00             113.802           3.979e+01     
 137.000           0.000            2.503e+00          -2.908e+01              91.109           2.500e+00             113.843           3.984e+01     
 138.000           0.000            2.545e+00          -2.921e+01              90.830           2.542e+00             113.884           3.990e+01     
 139.000           0.000            2.587e+00          -2.935e+01              90.559           2.584e+00             113.923           3.997e+01     
 140.000           0.000            2.628e+00          -2.949e+01              90.295           2.625e+00             113.961           4.000e+01     
 141.000           0.000            2.669e+00          -2.964e+01              90.039           2.666e+00             113.998           4.000e+01     
 142.000           0.000            2.709e+00          -2.980e+01              89.790           2.706e+00             114.034           4.000e+01     
 143.000           0.000            2.748e+00          -2.997e+01              89.549           2.746e+00             114.070           4.000e+01     
 144.000           0.000            2.787e+00          -3.014e+01              89.316           2.785e+00             114.104           4.000e+01     
 145.000           0.000            2.826e+00          -3.033e+01              89.090           2.824e+00             114.137           4.000e+01     
 146.000           0.000            2.863e+00          -3.052e+01              88.873           2.861e+00             114.169           4.000e+01     
 147.000           0.000            2.900e+00          -3.072e+01              88.663           2.898e+00             114.200           4.000e+01     
 148.000           0.000            2.936e+00          -3.093e+01              88.462           2.935e+00             114.230           4.000e+01     
 149.000           0.000            2.972e+00          -3.115e+01              88.269           2.970e+00             114.260           4.000e+01     
 150.000           0.000            3.006e+00          -3.138e+01              88.084           3.005e+00             114.288           4.000e+01     
 151.000           0.000            3.040e+00          -3.162e+01              87.907           3.039e+00             114.316           4.000e+01     
 152.000           0.000            3.073e+00          -3.187e+01              87.740           3.072e+00             114.343           4.000e+01     
 153.000           0.000            3.105e+00          -3.214e+01              87.581           3.104e+00             114.368           4.000e+01     
 154.000           0.000            3.136e+00          -3.242e+01              87.431           3.135e+00             114.393           4.000e+01     
 155.000           0.000            3.166e+00          -3.271e+01              87.290           3.165e+00             114.417           4.000e+01     
 156.000           0.000            3.195e+00          -3.302e+01              87.159           3.194e+00             114.440           4.000e+01     
 157.000           0.000            3.224e+00          -3.335e+01              87.038           3.223e+00             114.462           4.000e+01     
 158.000           0.000            3.251e+00          -3.370e+01              86.928           3.250e+00             114.483           4.000e+01     
 159.000           0.000            3.277e+00          -3.406e+01              86.828           3.276e+00             114.504           4.000e+01     
 160.000           0.000            3.302e+00          -3.445e+01              86.739           3.301e+00             114.523           4.000e+01     
 161.000           0.000            3.326e+00          -3.486e+01              86.663           3.325e+00             114.542           4.000e+01     
 162.000           0.000            3.349e+00          -3.530e+01              86.600           3.348e+00             114.559           4.000e+01     
 163.000           0.000            3.370e+00          -3.576e+01              86.551           3.370e+00             114.576           4.000e+01     
 164.000           0.000            3.391e+00          -3.626e+01              86.517           3.390e+00             114.592           4.000e+01     
 165.000           0.000            3.410e+00          -3.679e+01              86.501           3.410e+00             114.607           4.000e+01     
 166.000           0.000            3.429e+00          -3.737e+01              86.504           3.428e+00             114.621           4.000e+01     
 167.000           0.000            3.446e+00          -3.799e+01              86.530           3.445e+00             114.634           4.000e+01     
 168.000           0.000            3.462e+00          -3.866e+01              86.582           3.461e+00             114.646           4.000e+01     
 169.000           0.000            3.476e+00          -3.940e+01              86.666           3.476e+00             114.657           4.000e+01     
 170.000           0.000            3.490e+00          -4.022e+01              86.791           3.489e+00             114.667           4.000e+01     
 171.000           0.000            3.502e+00          -4.112e+01              86.965           3.502e+00             114.676           4.000e+01     
 172.000           0.000            3.513e+00          -4.213e+01              87.208           3.513e+00             114.684           4.000e+01     
 173.000           0.000            3.522e+00          -4.329e+01              87.544           3.522e+00             114.691           4.000e+01     
 174.000           0.000            3.531e+00          -4.462e+01              88.017           3.531e+00             114.698           4.000e+01     
 175.000           0.000            3.538e+00          -4.621e+01              88.708           3.538e+00             114.703           4.000e+01     
 176.000           0.000            3.544e+00          -4.815e+01              89.774           3.544e+00             114.708           4.000e+01     
 177.000           0.000            3.548e+00          -5.067e+01              91.588           3.548e+00             114.711           4.000e+01     
 178.000           0.000            3.552e+00          -5.419e+01              95.265           3.552e+00             114.713           4.000e+01     
 179.000           0.000            3.554e+00          -6.003e+01             106.181           3.554e+00             114.715           4.000e+01     
 180.000           0.000            3.554e+00          -6.844e+01             184.123           3.554e+00             114.715           4.000e+01     
 179.000         180.000            3.554e+00          -5.902e+01              64.786           3.554e+00             294.715           4.000e+01     
 178.000         180.000            3.552e+00          -5.364e+01              73.919           3.552e+00             294.713           4.000e+01     
 177.000         180.000            3.549e+00          -5.030e+01              77.257           3.549e+00             294.711           4.000e+01     
 176.000         180.000            3.544e+00          -4.788e+01              78.985           3.544e+00             294.707           4.000e+01     
 175.000         180.000            3.539e+00          -4.599e+01              80.049           3.538e+00             294.703           4.000e+01     
 174.000         180.000            3.532e+00          -4.445e+01              80.778           3.531e+00             294.698           4.000e+01     
 173.000         180.000            3.523e+00          -4.314e+01              81.316           3.523e+00             294.691           4.000e+01     
 172.000         180.000            3.514e+00          -4.201e+01              81.737           3.514e+00             294.684           4.000e+01     
 171.000         180.000            3.503e+00          -4.102e+01              82.082           3.503e+00             294.676           4.000e+01     
 170.000         180.000            3.491e+00          -4.013e+01              82.375           3.491e+00             294.667           4.000e+01     
 169.000         180.000            3.478e+00          -3.933e+01              82.631           3.477e+00             294.657           4.000e+01     
 168.000         180.000            3.463e+00          -3.860e+01              82.863           3.463e+00             294.645           4.000e+01     
 167.000         180.000            3.447e+00          -3.794e+01              83.076           3.447e+00             294.633           4.000e+01     
 166.000         180.000            3.430e+00          -3.732e+01              83.277           3.430e+00             294.620           4.000e+01     
 165.000         180.000            3.412e+00          -3.676e+01              83.469           3.412e+00             294.607           4.000e+01     
 164.000         180.000            3.393e+00          -3.623e+01              83.655           3.392e+00             294.592           4.000e+01     
 163.000         180.000            3.373e+00          -3.574e+01              83.837           3.372e+00             294.576           4.000e+01     
 162.000         180.000            3.351e+00          -3.528e+01              84.017           3.350e+00             294.559           4.000e+01     
 161.000         180.000            3.328e+00          -3.485e+01              84.197           3.328e+00             294.542           4.000e+01     
 160.000         180.000            3.304e+00          -3.445e+01              84.378           3.304e+00             294.523           4.000e+01     
 159.000         180.000            3.279e+00          -3.406e+01              84.560           3.279e+00             294.504           4.000e+01     
 158.000         180.000            3.253e+00          -3.370e+01              84.745           3.253e+00             294.484           4.000e+01     
 157.000         180.000            3.226e+00          -3.336e+01              84.932           3.225e+00             294.462           4.000e+01     
 156.000         180.000            3.198e+00          -3.304e+01              85.123           3.197e+00             294.440           4.000e+01     
 155.000         180.000            3.169e+00          -3.274e+01              85.318           3.168e+00             294.417           4.000e+01     
 154.000         180.000            3.139e+00          -3.245e+01              85.517           3.138e+00             294.393           4.000e+01     
 153.000         180.000            3.108e+00          -3.217e+01              85.721           3.107e+00             294.369           4.000e+01     
 152.000         180.000            3.077e+00          -3.191e+01              85.930           3.075e+00             294.343           4.000e+01     
 151.000         180.000            3.044e+00          -3.166e+01              86.144           3.042e+00             294.316           4.000e+01     
 150.000         180.000            3.010e+00          -3.142e+01              86.363           3.009e+00             294.289           4.000e+01     
 149.000         180.000            2.976e+00          -3.119e+01              86.588           2.974e+00             294.261           4.000e+01     
 148.000         180.000            2.940e+00          -3.098e+01              86.819           2.939e+00             294.231           4.000e+01     
 147.000         180.000            2.904e+00          -3.077e+01              87.056           2.902e+00             294.201           4.000e+01     
 146.000         180.000            2.867e+00          -3.058e+01              87.299           2.865e+00             294.170           4.000e+01     
 145.000         180.000            2.830e+00          -3.039e+01              87.548           2.828e+00             294.138           4.000e+01     
 144.000         180.000            2.792e+00          -3.021e+01              87.803           2.790e+00             294.105           4.000e+01     
 143.000         180.000            2.753e+00          -3.004e+01              88.065           2.751e+00             294.071           3.996e+01     
 142.000         180.000            2.713e+00          -2.988e+01              88.333           2.711e+00             294.036           3.985e+01     
 141.000         180.000            2.673e+00          -2.972e+01              88.608           2.671e+00             294.000           3.975e+01     
 140.000         180.000            2.633e+00          -2.957e+01              88.889           2.630e+00             293.963           3.966e+01     
 139.000         180.000            2.592e+00          -2.943e+01              89.177           2.589e+00             293.925           3.959e+01     
 138.000         180.000            2.550e+00          -2.930e+01              89.472           2.547e+00             293.886           3.952e+01     
 137.000         180.000            2.508e+00          -2.917e+01              89.773           2.505e+00             293.846           3.947e+01     
 136.000         180.000            2.466e+00          -2.904e+01              90.081           2.463e+00             293.805           3.942e+01     
 135.000         180.000            2.423e+00          -2.893e+01              90.396           2.420e+00             293.762           3.938e+01     
 134.000         180.000            2.380e+00          -2.881e+01              90.717           2.377e+00             293.718           3.936e+01     
 133.000         180.000            2.337e+00          -2.871e+01              91.045           2.333e+00             293.673           3.934e+01     
 132.000         180.000            2.293e+00          -2.861e+01              91.380           2.290e+00             293.627           3.934e+01     
 131.000         180.000            2.249e+00          -2.851e+01              91.722           2.246e+00             293.580           3.934e+01     
 130.000         180.000            2.206e+00          -2.842e+01              92.070           2.202e+00             293.531           3.936e+01     
 129.000         180.000            2.162e+00          -2.833e+01              92.425           2.158e+00             293.480           3.938e+01     
 128.000         180.000            2.118e+00          -2.824e+01              92.786           2.114e+00             293.429           3.942e+01     
 127.000         180.000            2.073e+00          -2.816e+01              93.154           2.069e+00             293.375           3.947e+01     
 126.000         180.000            2.029e+00          -2.809e+01              93.528           2.025e+00             293.320           3.953e+01     
 125.000         180.000            1.985e+00          -2.802e+01              93.909           1.981e+00             293.264           3.960e+01     
 124.000         180.000            1.941e+00          -2.795e+01              94.296           1.937e+00             293.205           3.968e+01     
 123.000         180.000            1.898e+00          -2.788e+01              94.689           1.893e+00             293.145           3.977e+01     
 122.000         180.000            1.854e+00          -2.782e+01              95.087           1.849e+00             293.083           3.988e+01     
 121.000         180.000            1.811e+00          -2.776e+01              95.492           1.806e+00             293.019           4.000e+01     
 120.000         180.000            1.767e+00          -2.771e+01              95.903           1.763e+00             292.953           4.000e+01     
 119.000         180.000            1.725e+00          -2.766e+01              96.319           1.720e+00             292.885           4.000e+01     
 118.000         180.000            1.682e+00          -2.761e+01              96.740           1.677e+00             292.815           4.000e+01     
 117.000         180.000            1.640e+00          -2.756e+01              97.167           1.635e+00             292.743           4.000e+01     
 116.000         180.000            1.598e+00          -2.752e+01              97.599           1.593e+00             292.668           4.000e+01     
 115.000         180.000            1.557e+00          -2.748e+01              98.036           1.552e+00             292.591           4.000e+01     
 114.000         180.000            1.517e+00          -2.744e+01              98.477           1.511e+00             292.511           4.000e+01     
 113.000         180.000            1.476e+00          -2.741e+01              98.924           1.471e+00             292.429           4.000e+01     
 112.000         180.000            1.437e+00          -2.737e+01              99.374           1.431e+00             292.345           4.000e+01     
 111.000         180.000            1.398e+00          -2.734e+01              99.829           1.392e+00             292.257           4.000e+01     
 110.000         180.000            1.359e+00          -2.731e+01             100.287           1.354e+00             292.167           4.000e+01     
 109.000         180.000            1.322e+00          -2.729e+01             100.749           1.316e+00             292.073           4.000e+01     
 108.000         180.000            1.285e+00          -2.726e+01             101.215           1.279e+00             291.977           4.000e+01     
 107.000         180.000            1.249e+00          -2.724e+01             101.683           1.243e+00             291.878           4.000e+01     
 106.000         180.000            1.213e+00          -2.722e+01             102.155           1.207e+00             291.775           4.000e+01     
 105.000         180.000            1.179e+00          -2.720e+01             102.629           1.173e+00             291.670           4.000e+01     
 104.000         180.000            1.145e+00          -2.718e+01             103.106           1.139e+00             291.561           4.000e+01     
 103.000         180.000            1.112e+00          -2.717e+01             103.584           1.106e+00             291.448           4.000e+01     
 102.000         180.000            1.081e+00          -2.715e+01             104.065           1.074e+00             291.332           4.000e+01     
 101.000         180.000            1.050e+00          -2.714e+01             104.547           1.043e+00             291.213           4.000e+01     
 100.000         180.000            1.020e+00          -2.713e+01             105.030           1.013e+00             291.090           4.000e+01     
  99.000         180.000            9.906e-01          -2.713e+01             105.514           9.839e-01             290.963           4.000e+01     
  98.000         180.000            9.626e-01          -2.712e+01             105.999           9.558e-01             290.833           4.000e+01     
  97.000         180.000            9.356e-01          -2.711e+01             106.485           9.288e-01             290.699           4.000e+01     
  96.000         180.000            9.097e-01          -2.711e+01             106.970           9.028e-01             290.561           4.000e+01     
  95.000         180.000            8.848e-01          -2.711e+01             107.455           8.779e-01             290.419           4.000e+01     
  94.000         180.000            8.610e-01          -2.711e+01             107.940           8.541e-01             290.273           4.000e+01     
  93.000         180.000            8.384e-01          -2.711e+01             108.424           8.314e-01             290.123           4.000e+01     
  92.000         180.000            8.168e-01          -2.711e+01             108.907           8.098e-01             289.969           4.000e+01     
  91.000         180.000            7.964e-01          -2.712e+01             109.388           7.894e-01             289.812           4.000e+01     
  90.000         180.000            7.771e-01          -2.712e+01             109.868           7.700e-01             289.650           4.000e+01     
  89.000         180.000            7.590e-01          -2.713e+01             110.346           7.519e-01             289.484           4.000e+01     
  88.000         180.000            7.420e-01          -2.714e+01             110.821           7.349e-01             289.314           4.000e+01     
  87.000         180.000            7.262e-01          -2.715e+01             111.295           7.191e-01             289.140           4.000e+01     
  86.000         180.000            7.115e-01          -2.716e+01             111.765           7.045e-01             288.962           4.000e+01     
  85.000         180.000            6.981e-01          -2.718e+01             112.233           6.910e-01             288.780           4.000e+01     
  84.000         180.000            6.858e-01          -2.719e+01             112.697           6.787e-01             288.595           4.000e+01     
  83.000         180.000            6.746e-01          -2.721e+01             113.158           6.676e-01             288.405           4.000e+01     
  82.000         180.000            6.647e-01          -2.723e+01             113.616           6.576e-01             288.212           4.000e+01     
  81.000         180.000            6.559e-01          -2.725e+01             114.069           6.489e-01             288.014           4.000e+01     
  80.000         180.000            6.483e-01          -2.727e+01             114.518           6.413e-01             287.813           4.000e+01     
  79.000         180.000            6.418e-01          -2.729e+01             114.963           6.348e-01             287.608           4.000e+01     
  78.000         180.000            6.365e-01          -2.732e+01             115.404           6.296e-01             287.400           4.000e+01     
  77.000         180.000            6.324e-01          -2.735e+01             115.839           6.254e-01             287.188           4.000e+01     
  76.000         180.000            6.293e-01          -2.738e+01             116.270           6.224e-01             286.973           4.000e+01     
  75.000         180.000            6.274e-01          -2.741e+01             116.696           6.206e-01             286.754           4.000e+01     
  74.000         180.000            6.266e-01          -2.744e+01             117.116           6.198e-01             286.532           4.000e+01     
  73.000         180.000            6.269e-01          -2.748e+01             117.531           6.201e-01             286.307           4.000e+01     
  72.000         180.000            6.282e-01          -2.751e+01             117.941           6.215e-01             286.080           4.000e+01     
  71.000         180.000            6.306e-01          -2.755e+01             118.345           6.240e-01             285.849           4.000e+01     
  70.000         180.000            6.341e-01          -2.759e+01             118.743           6.275e-01             285.616           4.000e+01     
  69.000         180.000            6.385e-01          -2.764e+01             119.135           6.321e-01             285.380           4.000e+01     
  68.000         180.000            6.440e-01          -2.768e+01             119.521           6.376e-01             285.141           4.000e+01     
  67.000         180.000            6.504e-01          -2.773e+01             119.901           6.441e-01             284.901           4.000e+01     
  66.000         180.000            6.578e-01          -2.778e+01             120.275           6.516e-01             284.658           3.985e+01     
  65.000         180.000            6.661e-01          -2.784e+01             120.643           6.599e-01             284.414           3.958e+01     
  64.000         180.000            6.753e-01          -2.789e+01             121.004           6.692e-01             284.167           3.934e+01     
  63.000         180.000            6.853e-01          -2.795e+01             121.359           6.794e-01             283.919           3.911e+01     
  62.000         180.000            6.962e-01          -2.802e+01             121.708           6.904e-01             283.670           3.890e+01     
  61.000         180.000            7.079e-01          -2.808e+01             122.050           7.022e-01             283.420           3.870e+01     
  60.000         180.000            7.204e-01          -2.815e+01             122.385           7.148e-01             283.169           3.852e+01     
  59.000         180.000            7.337e-01          -2.822e+01             122.715           7.281e-01             282.916           3.836e+01     
  58.000         180.000            7.476e-01          -2.829e+01             123.037           7.422e-01             282.664           3.821e+01     
  57.000         180.000            7.623e-01          -2.837e+01             123.353           7.569e-01             282.410           3.807e+01     
  56.000         180.000            7.775e-01          -2.845e+01             123.663           7.724e-01             282.157           3.795e+01     
  55.000         180.000            7.935e-01          -2.853e+01             123.966           7.884e-01             281.903           3.784e+01     
  54.000         180.000            8.100e-01          -2.862e+01             124.263           8.050e-01             281.650           3.774e+01     
  53.000         180.000            8.270e-01          -2.871e+01             124.553           8.222e-01             281.397           3.765e+01     
  52.000         180.000            8.446e-01          -2.881e+01             124.837           8.399e-01             281.145           3.758e+01     
  51.000         180.000            8.626e-01          -2.891e+01             125.114           8.580e-01             280.894           3.751e+01     
  50.000         180.000            8.811e-01          -2.901e+01             125.385           8.766e-01             280.643           3.746e+01     
  49.000         180.000            9.000e-01          -2.912e+01             125.649           8.956e-01             280.394           3.742e+01     
  48.000         180.000            9.192e-01          -2.923e+01             125.908           9.150e-01             280.147           3.739e+01     
  47.000         180.000            9.388e-01          -2.935e+01             126.160           9.347e-01             279.900           3.737e+01     
  46.000         180.000            9.587e-01          -2.947e+01             126.406           9.547e-01             279.656           3.736e+01     
  45.000         180.000            9.788e-01          -2.959e+01             126.646           9.750e-01             279.414           3.736e+01     
  44.000         180.000            9.991e-01          -2.972e+01             126.880           9.954e-01             279.174           3.738e+01     
  43.000         180.000            1.020e+00          -2.986e+01             127.107           1.016e+00             278.936           3.740e+01     
  42.000         180.000            1.040e+00          -3.000e+01             127.330           1.037e+00             278.701           3.744e+01     
  41.000         180.000            1.061e+00          -3.015e+01             127.546           1.058e+00             278.469           3.748e+01     
  40.000         180.000            1.082e+00          -3.030e+01             127.756           1.079e+00             278.240           3.754e+01     
  39.000         180.000            1.103e+00          -3.046e+01             127.961           1.100e+00             278.014           3.760e+01     
  38.000         180.000            1.124e+00          -3.063e+01             128.161           1.121e+00             277.791           3.768e+01     
  37.000         180.000            1.145e+00          -3.080e+01             128.355           1.142e+00             277.572           3.777e+01     
  36.000         180.000            1.165e+00          -3.098e+01             128.544           1.163e+00             277.357           3.787e+01     
  35.000         180.000            1.186e+00          -3.117e+01             128.727           1.183e+00             277.145           3.798e+01     
  34.000         180.000            1.206e+00          -3.137e+01             128.906           1.204e+00             276.937           3.810e+01     
  33.000         180.000            1.227e+00          -3.157e+01             129.079           1.224e+00             276.734           3.823e+01     
  32.000         180.000            1.247e+00          -3.178e+01             129.248           1.245e+00             276.535           3.837e+01     
  31.000         180.000            1.267e+00          -3.200e+01             129.412           1.265e+00             276.341           3.853e+01     
  30.000         180.000            1.286e+00          -3.223e+01             129.572           1.284e+00             276.151           3.870e+01     
  29.000         180.000            1.306e+00          -3.247e+01             129.728           1.304e+00             275.966           3.888e+01     
  28.000         180.000            1.325e+00          -3.272e+01             129.879           1.323e+00             275.786           3.908e+01     
  27.000         180.000            1.343e+00          -3.299e+01             130.026           1.341e+00             275.611           3.929e+01     
  26.000         180.000            1.361e+00          -3.326e+01             130.170           1.360e+00             275.441           3.951e+01     
  25.000         180.000            1.379e+00          -3.355e+01             130.310           1.378e+00             275.277           3.975e+01     
  24.000         180.000            1.396e+00          -3.385e+01             130.447           1.395e+00             275.118           4.000e+01     
  23.000         180.000            1.413e+00          -3.417e+01             130.580           1.412e+00             274.965           4.000e+01     
  22.000         180.000            1.429e+00          -3.450e+01             130.712           1.428e+00             274.817           4.000e+01     
  21.000         180.000            1.445e+00          -3.485e+01             130.841           1.444e+00             274.675           4.000e+01     
  20.000         180.000            1.460e+00          -3.522e+01             130.968           1.459e+00             274.539           4.000e+01     
  19.000         180.000            1.475e+00          -3.561e+01             131.094           1.474e+00             274.409           4.000e+01     
  18.000         180.000            1.489e+00          -3.602e+01             131.219           1.488e+00             274.286           4.000e+01     
  17.000         180.000            1.502e+00          -3.646e+01             131.344           1.501e+00             274.168           4.000e+01     
  16.000         180.000            1.515e+00          -3.692e+01             131.470           1.514e+00             274.056           4.000e+01     
  15.000         180.000            1.527e+00          -3.741e+01             131.598           1.526e+00             273.951           4.000e+01     
  14.000         180.000            1.538e+00          -3.794e+01             131.729           1.537e+00             273.853           4.000e+01     
  13.000         180.000            1.548e+00          -3.851e+01             131.865           1.548e+00             273.760           4.000e+01     
  12.000         180.000            1.558e+00          -3.912e+01             132.009           1.558e+00             273.675           4.000e+01     
  11.000         180.000            1.567e+00          -3.978e+01             132.162           1.567e+00             273.596           4.000e+01     
  10.000         180.000            1.576e+00          -4.050e+01             132.330           1.576e+00             273.523           4.000e+01     
   9.000         180.000            1.583e+00          -4.129e+01             132.517           1.583e+00             273.458           4.000e+01     
   8.000         180.000            1.590e+00          -4.216e+01             132.731           1.590e+00             273.399           4.000e+01     
   7.000         180.000            1.596e+00          -4.314e+01             132.983           1.596e+00             273.347           4.000e+01     
   6.000         180.000            1.602e+00          -4.424e+01             133.292           1.601e+00             273.301           4.000e+01     
   5.000         180.000            1.606e+00          -4.551e+01             133.685           1.606e+00             273.263           4.000e+01     
   4.000         180.000            1.610e+00          -4.701e+01             134.215           1.610e+00             273.231           4.000e+01     
   3.000         180.000            1.613e+00          -4.881e+01             134.977           1.613e+00             273.206           4.000e+01     
   2.000         180.000            1.615e+00          -5.110e+01             136.188           1.615e+00             273.189           4.000e+01     
   1.000         180.000            1.616e+00          -5.422e+01             138.433           1.616e+00             273.178           4.000e+01     
