               Frequency                          S11
                       1                      -1.4357796
               1.0039999                      -1.4468327
                   1.008                      -1.4584898
                   1.012                      -1.4708383
                   1.016                      -1.4839485
                    1.02                      -1.4978663
                   1.024                      -1.5126185
                   1.028                      -1.5282043
               1.0319999                      -1.5446032
                   1.036                      -1.5617703
                    1.04                      -1.5796405
                   1.044                      -1.5981327
                   1.048                      -1.6171496
                   1.052                      -1.6365845
                   1.056                      -1.6563233
               1.0599999                      -1.6762505
                   1.064                      -1.6962537
                   1.068                      -1.7162278
                   1.072                      -1.7360761
                   1.076                      -1.7557223
                    1.08                      -1.7751038
                   1.084                      -1.7941803
               1.0880001                      -1.8129357
                   1.092                      -1.8313747
                   1.096                      -1.8495269
                     1.1                      -1.8674429
                   1.104                      -1.8851941
                   1.108                      -1.9028707
                   1.112                      -1.9205766
               1.1160001                       -1.938425
                    1.12                      -1.9565366
                   1.124                      -1.9750341
                   1.128                      -1.9940379
                   1.132                      -2.0136634
                   1.136                      -2.0340118
                    1.14                      -2.0551743
               1.1440001                      -2.0772231
                   1.148                      -2.1002124
                   1.152                      -2.1241749
                   1.156                      -2.1491207
                    1.16                      -2.1750396
                   1.164                      -2.2019004
                   1.168                      -2.2296513
               1.1720001                      -2.2582242
                   1.176                       -2.287535
               1.1799999                       -2.317488
                   1.184                      -2.3479821
                   1.188                      -2.3789106
                   1.192                      -2.4101679
                   1.196                      -2.4416536
                     1.2                      -2.4732749
                   1.204                      -2.5049528
               1.2079999                       -2.536624
                   1.212                      -2.5682419
                   1.216                      -2.5997828
                    1.22                      -2.6312434
                   1.224                      -2.6626429
                   1.228                      -2.6940213
                   1.232                      -2.7254416
               1.2359999                      -2.7569823
                    1.24                      -2.7887385
                   1.244                      -2.8208188
                   1.248                      -2.8533387
                   1.252                      -2.8864216
                   1.256                      -2.9201868
                    1.26                      -2.9547551
               1.2640001                      -2.9902371
                   1.268                      -3.0267319
                   1.272                      -3.0643275
                   1.276                      -3.1030912
                    1.28                      -3.1430739
                   1.284                      -3.1843043
                   1.288                       -3.226791
               1.2920001                      -3.2705204
                   1.296                      -3.3154594
                     1.3                      -3.3615542
                   1.304                      -3.4087358
                   1.308                      -3.4569193
                   1.312                      -3.5060077
                   1.316                      -3.5559004
               1.3200001                       -3.606487
                   1.324                      -3.6576634
               1.3279999                      -3.7093242
                   1.332                       -3.761377
                   1.336                      -3.8137399
                    1.34                      -3.8663451
                   1.344                      -3.9191449
                   1.348                      -3.9721095
                   1.352                       -4.025233
               1.3559999                      -4.0785313
                    1.36                      -4.1320408
                   1.364                      -4.1858182
                   1.368                      -4.2399434
                   1.372                      -4.2945074
                   1.376                      -4.3496189
                    1.38                      -4.4053945
               1.3839999                      -4.4619564
                   1.388                      -4.5194275
                   1.392                      -4.5779304
                   1.396                      -4.6375817
                     1.4                      -4.6984842
                   1.404                      -4.7607283
                   1.408                      -4.8243874
               1.4119999                       -4.889515
                   1.416                       -4.956143
                    1.42                      -5.0242807
                   1.424                       -5.093914
                   1.428                      -5.1650034
                   1.432                      -5.2374926
                   1.436                      -5.3112959
               1.4400001                      -5.3863188
                   1.444                      -5.4624453
                   1.448                      -5.5395495
                   1.452                      -5.6174976
                   1.456                      -5.6961511
                    1.46                      -5.7753742
                   1.464                      -5.8550341
               1.4680001                      -5.9350083
                   1.472                       -6.015187
                   1.476                      -6.0954791
                    1.48                      -6.1758126
                   1.484                      -6.2561361
                   1.488                      -6.3364248
                   1.492                       -6.416677
               1.4960001                      -6.4969156
                     1.5                      -6.5771855
               1.5039999                       -6.657554
                   1.508                      -6.7381065
                   1.512                      -6.8189416
                   1.516                      -6.9001711
                    1.52                      -6.9819094
                   1.524                       -7.064275
                   1.528                       -7.147381
               1.5319999                      -7.2313347
                   1.536                      -7.3162278
                    1.54                      -7.4021366
                   1.544                      -7.4891156
                   1.548                      -7.5771959
                   1.552                      -7.6663829
                   1.556                      -7.7566504
               1.5599999                      -7.8479474
                   1.564                      -7.9401914
                   1.568                      -8.0332718
                   1.572                      -8.1270489
                   1.576                      -8.2213627
                    1.58                      -8.3160293
                   1.584                      -8.4108472
               1.5880001                      -8.5056036
                   1.592                      -8.6000785
                   1.596                      -8.6940472
                     1.6                      -8.7872921
                   1.604                       -8.879601
                   1.608                      -8.9707801
                   1.612                      -9.0606535
               1.6160001                      -9.1490684
                    1.62                      -9.2359031
                   1.624                      -9.3210631
                   1.628                      -9.4044888
                   1.632                      -9.4861524
                   1.636                      -9.5660592
                    1.64                      -9.6442449
               1.6440001                      -9.7207719
                   1.648                      -9.7957283
                   1.652                      -9.8692219
                   1.656                      -9.9413708
                    1.66                      -10.012304
                   1.664                      -10.082153
                   1.668                      -10.151046
               1.6720001                      -10.219098
                   1.676                      -10.286413
               1.6799999                      -10.353073
                   1.684                      -10.419132
                   1.688                      -10.484622
                   1.692                      -10.549538
                   1.696                      -10.613847
                     1.7                      -10.677479
                   1.704                      -10.740334
               1.7079999                      -10.802276
                   1.712                      -10.863142
                   1.716                      -10.922744
                    1.72                      -10.980871
                   1.724                      -11.037298
                   1.728                      -11.091789
                   1.732                      -11.144106
               1.7359999                      -11.194017
                    1.74                      -11.241301
                   1.744                      -11.285757
                   1.748                      -11.327212
                   1.752                      -11.365528
                   1.756                      -11.400604
                    1.76                      -11.432383
               1.7640001                      -11.460857
                   1.768                      -11.486064
                   1.772                      -11.508092
                   1.776                      -11.527074
                    1.78                      -11.543188
                   1.784                      -11.556649
                   1.788                      -11.567704
               1.7920001                      -11.576625
                   1.796                      -11.583699
                     1.8                      -11.589225
                   1.804                      -11.593499
                   1.808                      -11.596808
                   1.812                      -11.599423
                   1.816                       -11.60159
               1.8200001                      -11.603524
                   1.824                      -11.605403
               1.8279999                      -11.607364
                   1.832                      -11.609495
                   1.836                      -11.611846
                    1.84                      -11.614408
                   1.844                      -11.617136
                   1.848                      -11.619934
                   1.852                      -11.622669
               1.8559999                      -11.625169
                    1.86                      -11.627236
                   1.864                       -11.62865
                   1.868                      -11.629179
                   1.872                      -11.628586
                   1.876                      -11.626644
                    1.88                       -11.62314
               1.8839999                      -11.617887
                   1.888                      -11.610736
                   1.892                       -11.60158
                   1.896                      -11.590361
                     1.9                      -11.577077
                   1.904                      -11.561779
                   1.908                      -11.544578
               1.9119999                       -11.52564
                   1.916                      -11.505179
                    1.92                      -11.483455
                   1.924                      -11.460763
                   1.928                      -11.437427
                   1.932                      -11.413786
                   1.936                      -11.390184
               1.9400001                       -11.36696
                   1.944                       -11.34444
                   1.948                      -11.322917
                   1.952                      -11.302655
                   1.956                      -11.283871
                    1.96                      -11.266728
                   1.964                       -11.25134
               1.9680001                      -11.237755
                   1.972                      -11.225962
                   1.976                      -11.215888
                    1.98                      -11.207399
                   1.984                      -11.200306
                   1.988                      -11.194371
                   1.992                      -11.189311
               1.9960001                       -11.18481
                       2                       -11.18053
               2.0039999                      -11.176125
               2.0079999                      -11.171247
               2.0120001                      -11.165568
                   2.016                       -11.15879
                    2.02                      -11.150658
               2.0239999                      -11.140967
               2.0280001                      -11.129583
               2.0320001                      -11.116436
                   2.036                      -11.101539
                    2.04                      -11.084976
               2.0439999                      -11.066912
               2.0480001                      -11.047577
                   2.052                      -11.027264
                   2.056                      -11.006319
               2.0599999                      -10.985128
               2.0639999                      -10.964098
               2.0680001                      -10.943648
                   2.072                      -10.924192
                   2.076                      -10.906122
               2.0799999                      -10.889796
               2.0840001                      -10.875523
               2.0880001                      -10.863554
                   2.092                       -10.85407
                   2.096                      -10.847174
               2.0999999                       -10.84289
               2.1040001                      -10.841151
                   2.108                      -10.841808
                   2.112                      -10.844625
               2.1159999                      -10.849289
               2.1199999                      -10.855415
               2.1240001                      -10.862557
                   2.128                       -10.87022
                   2.132                      -10.877883
               2.1359999                      -10.885008
               2.1400001                      -10.891069
               2.1440001                      -10.895569
                   2.148                      -10.898062
                   2.152                      -10.898174
               2.1559999                      -10.895622
               2.1600001                      -10.890227
                   2.164                      -10.881932
                   2.168                      -10.870792
               2.1719999                      -10.856994
               2.1760001                      -10.840837
               2.1800001                      -10.822726
                   2.184                      -10.803156
                   2.188                      -10.782691
               2.1919999                       -10.76194
               2.1960001                      -10.741531
                     2.2                      -10.722089
                   2.204                      -10.704199
               2.2079999                      -10.688391
               2.2119999                      -10.675107
               2.2160001                      -10.664679
                    2.22                      -10.657312
                   2.224                      -10.653053
               2.2279999                      -10.651792
               2.2320001                       -10.65323
               2.2360001                      -10.656883
                    2.24                      -10.662072
                   2.244                      -10.667924
               2.2479999                      -10.673381
               2.2520001                      -10.677213
                   2.256                      -10.678053
                    2.26                      -10.674425
               2.2639999                      -10.664799
               2.2679999                      -10.647641
               2.2720001                       -10.62149
                   2.276                      -10.585021
                    2.28                      -10.537127
               2.2839999                       -10.47697
               2.2880001                       -10.40405
               2.2920001                      -10.318241
                   2.296                      -10.219799
                     2.3                      -10.109365
               2.3039999                      -9.9879366
               2.3080001                      -9.8568177
                   2.312                      -9.7175648
                   2.316                      -9.5719163
               2.3199999                      -9.4217256
               2.3239999                      -9.2688954
               2.3280001                      -9.1153186
                   2.332                      -8.9628336
                   2.336                      -8.8131838
               2.3399999                      -8.6679907
               2.3440001                      -8.5287354
                   2.348                      -8.3967495
                   2.352                      -8.2732159
               2.3559999                      -8.1591623
               2.3599999                      -8.0554745
               2.3640001                      -7.9628994
                   2.368                      -7.8820537
                   2.372                      -7.8134356
               2.3759999                        -7.75743
               2.3800001                      -7.7143198
               2.3840001                      -7.6842937
                   2.388                      -7.6674499
                   2.392                      -7.6638045
               2.3959999                      -7.6732959
               2.4000001                      -7.6957882
                   2.404                      -7.7310751
                   2.408                      -7.7788831
               2.4119999                      -7.8388726
               2.4159999                      -7.9106409
               2.4200001                      -7.9937253
                   2.424                      -8.0876044
                   2.428                      -8.1917026
               2.4319999                      -8.3053923
               2.4360001                      -8.4280034
               2.4400001                      -8.5588265
                   2.444                      -8.6971224
                   2.448                      -8.8421341
               2.4519999                      -8.9931006
               2.4560001                      -9.1492667
                    2.46                      -9.3099031
                   2.464                      -9.4743251
               2.4679999                      -9.6419059
               2.4719999                      -9.8121019
               2.4760001                      -9.9844626
                    2.48                      -10.158655
                   2.484                      -10.334468
               2.4879999                       -10.51183
               2.4920001                      -10.690807
               2.4960001                      -10.871612
                     2.5                      -11.054591
               2.5039999                      -11.240215
               2.5079999                      -11.429074
               2.5120001                       -11.62185
                   2.516                      -11.819299
                    2.52                      -12.022223
               2.5239999                      -12.231445
               2.5280001                      -12.447777
               2.5320001                      -12.671986
                   2.536                      -12.904767
                    2.54                      -13.146691
               2.5439999                      -13.398177
               2.5480001                      -13.659431
                   2.552                      -13.930402
                   2.556                      -14.210709
               2.5599999                      -14.499577
               2.5639999                      -14.795745
               2.5680001                      -15.097382
                   2.572                      -15.401987
                   2.576                      -15.706297
               2.5799999                       -16.00622
               2.5840001                      -16.296794
               2.5880001                      -16.572231
                   2.592                      -16.826055
                   2.596                       -17.05137
               2.5999999                      -17.241297
               2.6040001                        -17.3895
                   2.608                      -17.490818
                   2.612                      -17.541829
               2.6159999                      -17.541263
               2.6199999                      -17.490152
               2.6240001                      -17.391675
                   2.628                      -17.250746
                   2.632                      -17.073448
               2.6359999                      -16.866418
               2.6400001                      -16.636315
               2.6440001                      -16.389402
                   2.648                       -16.13129
                   2.652                      -15.866804
               2.6559999                      -15.599953
               2.6600001                      -15.333972
                   2.664                      -15.071398
                   2.668                      -14.814167
               2.6719999                      -14.563716
               2.6760001                      -14.321069
               2.6800001                      -14.086926
                   2.684                      -13.861735
                   2.688                      -13.645744
               2.6919999                      -13.439055
               2.6960001                      -13.241662
                     2.7                      -13.053482
                   2.704                      -12.874376
               2.7079999                      -12.704169
               2.7119999                      -12.542663
               2.7160001                      -12.389643
                    2.72                      -12.244888
                   2.724                      -12.108169
               2.7279999                      -11.979256
               2.7320001                      -11.857912
               2.7360001                        -11.7439
                    2.74                       -11.63697
                   2.744                      -11.536869
               2.7479999                      -11.443327
               2.7520001                      -11.356065
                   2.756                      -11.274784
                    2.76                       -11.19917
               2.7639999                      -11.128889
               2.7679999                      -11.063586
               2.7720001                      -11.002886
                   2.776                      -10.946401
                    2.78                      -10.893719
               2.7839999                       -10.84442
               2.7880001                       -10.79807
               2.7920001                      -10.754233
                   2.796                      -10.712468
                     2.8                      -10.672339
               2.8039999                      -10.633423
               2.8080001                       -10.59531
                   2.812                      -10.557613
                   2.816                      -10.519969
               2.8199999                      -10.482051
               2.8239999                       -10.44356
               2.8280001                      -10.404239
                   2.832                      -10.363866
                   2.836                      -10.322258
               2.8399999                      -10.279266
               2.8440001                      -10.234773
                   2.848                      -10.188696
                   2.852                      -10.140968
               2.8559999                      -10.091547
               2.8599999                      -10.040395
               2.8640001                      -9.9874839
                   2.868                      -9.9327827
                   2.872                      -9.8762544
               2.8759999                      -9.8178481
               2.8800001                      -9.7574986
               2.8840001                      -9.6951255
                   2.888                      -9.6306249
                   2.892                      -9.5638771
               2.8959999                      -9.4947447
               2.9000001                      -9.4230766
                   2.904                      -9.3487152
                   2.908                      -9.2714953
               2.9119999                      -9.1912589
               2.9159999                      -9.1078586
               2.9200001                       -9.021162
                   2.924                      -8.9310632
                   2.928                      -8.8374871
               2.9319999                      -8.7403955
               2.9360001                      -8.6397924
               2.9400001                      -8.5357264
                   2.944                      -8.4282909
                   2.948                      -8.3176261
               2.9519999                      -8.2039164
               2.9560001                       -8.087386
                    2.96                      -7.9682979
                   2.964                      -7.8469428
               2.9679999                      -7.7236374
               2.9719999                      -7.5987148
               2.9760001                      -7.4725195
                    2.98                      -7.3454002
                   2.984                         -7.2177
               2.9879999                      -7.0897545
               2.9920001                      -6.9618846
               2.9960001                      -6.8343927
                       3                      -6.7075586
               3.0039999                      -6.5816387
               3.0079999                      -6.4568596
               3.0120001                      -6.3334261
                   3.016                      -6.2115103
                    3.02                      -6.0912627
               3.0239999                       -5.972805
               3.0280001                      -5.8562379
               3.0320001                      -5.7416404
                   3.036                      -5.6290734
                    3.04                      -5.5185835
               3.0439999                      -5.4101988
               3.0480001                      -5.3039448
                   3.052                      -5.1998348
                   3.056                      -5.0978772
               3.0599999                      -4.9980797
               3.0639999                      -4.9004479
               3.0680001                      -4.8049856
                   3.072                      -4.7117034
                   3.076                      -4.6206118
               3.0799999                      -4.5317229
               3.0840001                      -4.4450548
               3.0880001                      -4.3606284
                   3.092                      -4.2784661
                   3.096                      -4.1985908
               3.0999999                      -4.1210289
               3.1040001                      -4.0458041
                   3.108                      -3.9729406
                   3.112                       -3.902456
               3.1159999                      -3.8343659
               3.1199999                      -3.7686801
               3.1240001                      -3.7053998
                   3.128                      -3.6445186
                   3.132                      -3.5860239
               3.1359999                      -3.5298909
               3.1400001                      -3.4760868
               3.1440001                      -3.4245678
                   3.148                       -3.375282
                   3.152                      -3.3281681
               3.1559999                      -3.2831552
               3.1600001                      -3.2401677
                   3.164                       -3.199122
                   3.168                      -3.1599305
               3.1719999                      -3.1225008
               3.1760001                      -3.0867424
               3.1800001                      -3.0525617
                   3.184                      -3.0198685
                   3.188                       -2.988575
               3.1919999                      -2.9585991
               3.1960001                      -2.9298662
                     3.2                      -2.9023061
                   3.204                      -2.8758588
               3.2079999                      -2.8504726
               3.2119999                      -2.8261062
               3.2160001                      -2.8027264
                    3.22                      -2.7803107
                   3.224                      -2.7588441
               3.2279999                      -2.7383197
               3.2320001                      -2.7187369
               3.2360001                      -2.7001028
                    3.24                      -2.6824265
                   3.244                      -2.6657208
               3.2479999                      -2.6500002
               3.2520001                      -2.6352778
                   3.256                      -2.6215668
                    3.26                      -2.6088761
               3.2639999                      -2.5972114
               3.2679999                      -2.5865706
               3.2720001                      -2.5769496
                   3.276                      -2.5683364
                    3.28                      -2.5607103
               3.2839999                       -2.554048
               3.2880001                      -2.5483165
               3.2920001                      -2.5434785
                   3.296                      -2.5394915
                     3.3                      -2.5363108
               3.3039999                      -2.5338875
               3.3080001                       -2.532172
                   3.312                       -2.531113
                   3.316                      -2.5306647
               3.3199999                      -2.5307803
               3.3239999                      -2.5314204
               3.3280001                      -2.5325485
                   3.332                      -2.5341372
                   3.336                      -2.5361637
               3.3399999                      -2.5386139
               3.3440001                       -2.541485
                   3.348                       -2.544778
                   3.352                      -2.5485027
               3.3559999                      -2.5526774
               3.3599999                      -2.5573276
               3.3640001                      -2.5624805
                   3.368                      -2.5681727
                   3.372                      -2.5744384
               3.3759999                       -2.581317
               3.3800001                      -2.5888458
               3.3840001                      -2.5970617
                   3.388                      -2.6059974
                   3.392                      -2.6156829
               3.3959999                       -2.626142
               3.4000001                      -2.6373922
                   3.404                      -2.6494444
                   3.408                      -2.6623017
               3.4119999                      -2.6759615
               3.4159999                      -2.6904111
               3.4200001                      -2.7056342
                   3.424                      -2.7216063
                   3.428                      -2.7382986
               3.4319999                      -2.7556775
               3.4360001                      -2.7737069
               3.4400001                      -2.7923484
                   3.444                      -2.8115664
                   3.448                      -2.8313222
               3.4519999                      -2.8515841
               3.4560001                      -2.8723211
                    3.46                      -2.8935108
                   3.464                      -2.9151336
               3.4679999                      -2.9371791
               3.4719999                      -2.9596431
               3.4760001                      -2.9825282
                    3.48                      -3.0058451
                   3.484                      -3.0296113
               3.4879999                      -3.0538497
               3.4920001                      -3.0785879
               3.4960001                      -3.1038574
                     3.5                      -3.1296931
               3.5039999                      -3.1561294
               3.5079999                       -3.183202
               3.5120001                      -3.2109393
                   3.516                      -3.2393722
                    3.52                       -3.268522
               3.5239999                      -3.2984056
               3.5280001                      -3.3290298
               3.5320001                      -3.3603953
                   3.536                      -3.3924913
                    3.54                      -3.4252994
               3.5439999                      -3.4587918
               3.5480001                       -3.492931
                   3.552                      -3.5276729
                   3.556                       -3.562964
               3.5599999                      -3.5987446
               3.5639999                      -3.6349518
               3.5680001                      -3.6715196
                   3.572                      -3.7083786
                   3.576                      -3.7454632
               3.5799999                      -3.7827068
               3.5840001                      -3.8200474
               3.5880001                      -3.8574277
                   3.592                      -3.8947974
                   3.596                      -3.9321146
               3.5999999                      -3.9693427
               3.6040001                      -4.0064541
                   3.608                      -4.0434315
                   3.612                      -4.0802624
               3.6159999                      -4.1169451
               3.6199999                      -4.1534791
               3.6240001                      -4.1898725
                   3.628                      -4.2261345
                   3.632                      -4.2622766
               3.6359999                      -4.2983083
               3.6400001                      -4.3342377
               3.6440001                      -4.3700678
                   3.648                      -4.4057967
                   3.652                      -4.4414159
               3.6559999                      -4.4769078
               3.6600001                      -4.5122434
                   3.664                      -4.5473875
                   3.668                      -4.5822959
               3.6719999                      -4.6169106
               3.6760001                      -4.6511689
               3.6800001                      -4.6850003
                   3.684                      -4.7183283
                   3.688                      -4.7510704
               3.6919999                      -4.7831481
               3.6960001                      -4.8144785
                     3.7                      -4.8449814
                   3.704                       -4.874586
               3.7079999                      -4.9032234
               3.7119999                      -4.9308382
               3.7160001                      -4.9573824
                    3.72                      -4.9828251
                   3.724                      -5.0071425
               3.7279999                      -5.0303285
               3.7320001                      -5.0523882
               3.7360001                      -5.0733385
                    3.74                      -5.0932096
                   3.744                      -5.1120417
               3.7479999                      -5.1298801
               3.7520001                      -5.1467789
                   3.756                      -5.1627951
                    3.76                      -5.1779843
               3.7639999                      -5.1924041
               3.7679999                      -5.2061064
               3.7720001                      -5.2191357
                   3.776                      -5.2315335
                    3.78                      -5.2433274
               3.7839999                      -5.2545383
               3.7880001                      -5.2651731
               3.7920001                      -5.2752334
                   3.796                      -5.2847056
                     3.8                      -5.2935693
               3.8039999                      -5.3017979
               3.8080001                      -5.3093554
                   3.812                      -5.3162025
                   3.816                      -5.3223022
               3.8199999                      -5.3276135
               3.8239999                      -5.3320993
               3.8280001                       -5.335729
                   3.832                      -5.3384801
                   3.836                      -5.3403361
               3.8399999                      -5.3412953
               3.8440001                      -5.3413643
                   3.848                      -5.3405643
                   3.852                      -5.3389262
               3.8559999                      -5.3364946
               3.8599999                      -5.3333254
               3.8640001                      -5.3294799
                   3.868                      -5.3250325
                   3.872                       -5.320058
               3.8759999                      -5.3146372
               3.8800001                        -5.30885
               3.8840001                      -5.3027752
                   3.888                      -5.2964886
                   3.892                      -5.2900535
               3.8959999                      -5.2835327
               3.9000001                      -5.2769749
                   3.904                      -5.2704161
                   3.908                      -5.2638824
               3.9119999                      -5.2573884
               3.9159999                      -5.2509351
               3.9200001                      -5.2445116
                   3.924                      -5.2380979
                   3.928                      -5.2316634
               3.9319999                      -5.2251721
               3.9360001                      -5.2185845
               3.9400001                       -5.211851
                   3.944                      -5.2049328
                   3.948                      -5.1977833
               3.9519999                      -5.1903663
               3.9560001                      -5.1826501
                    3.96                      -5.1746121
                   3.964                       -5.166238
               3.9679999                      -5.1575231
               3.9719999                      -5.1484791
               3.9760001                      -5.1391255
                    3.98                      -5.1294921
                   3.984                       -5.119622
               3.9879999                      -5.1095655
               3.9920001                      -5.0993806
               3.9960001                      -5.0891296
                       4                      -5.0788802
               4.0040002                      -5.0687006
               4.0079999                      -5.0586557
               4.0120001                      -5.0488089
               4.0159998                      -5.0392169
                    4.02                      -5.0299283
               4.0240002                      -5.0209834
               4.0279999                      -5.0124089
               4.0320001                       -5.004224
               4.0359998                      -4.9964343
                    4.04                      -4.9890326
               4.0440001                       -4.982001
               4.0479999                      -4.9753109
                   4.052                      -4.9689245
               4.0560002                      -4.9627965
               4.0599999                      -4.9568742
               4.0640001                      -4.9511042
               4.0679998                      -4.9454285
                   4.072                      -4.9397924
               4.0760002                      -4.9341426
               4.0799999                      -4.9284344
               4.0840001                      -4.9226247
               4.0879998                       -4.916687
                   4.092                      -4.9105973
               4.0960002                      -4.9043473
               4.0999999                      -4.8979404
               4.1040001                       -4.891387
               4.1079998                      -4.8847141
                   4.112                      -4.8779545
               4.1160002                      -4.8711525
               4.1199999                      -4.8643568
               4.1240001                      -4.8576218
               4.1279998                      -4.8510047
                   4.132                       -4.844565
               4.1360002                      -4.8383554
               4.1399999                      -4.8324297
               4.1440001                      -4.8268327
               4.1479998                      -4.8215985
                   4.152                       -4.816755
               4.1560001                      -4.8123166
               4.1599998                      -4.8082843
                   4.164                      -4.8046472
               4.1680002                      -4.8013813
               4.1719999                      -4.7984462
               4.1760001                      -4.7957912
               4.1799998                      -4.7933555
                   4.184                      -4.7910626
               4.1880002                      -4.7888317
               4.1919999                       -4.786572
               4.1960001                       -4.784189
               4.1999998                      -4.7815849
                   4.204                      -4.7786594
               4.2080002                      -4.7753162
               4.2119999                      -4.7714612
               4.2160001                      -4.7670057
               4.2199998                      -4.7618664
                   4.224                      -4.7559703
               4.2280002                      -4.7492554
               4.2319999                      -4.7416699
               4.2360001                      -4.7331705
               4.2399998                      -4.7237301
                   4.244                      -4.7133324
               4.2480001                      -4.7019729
               4.2519999                      -4.6896577
                   4.256                      -4.6764071
               4.2600002                      -4.6622517
               4.2639999                      -4.6472305
               4.2680001                      -4.6313952
               4.2719998                      -4.6148069
                   4.276                      -4.5975316
               4.2800002                      -4.5796486
               4.2839999                      -4.5612419
               4.2880001                      -4.5424065
               4.2919998                      -4.5232435
                   4.296                      -4.5038602
               4.3000002                      -4.4843714
               4.3039999                         -4.4649
               4.3080001                       -4.445575
               4.3119998                      -4.4265313
                   4.316                      -4.4079089
               4.3200002                      -4.3898515
               4.3239999                      -4.3725093
               4.3280001                       -4.356032
               4.3319998                      -4.3405726
                   4.336                      -4.3262824
               4.3400002                      -4.3133115
               4.3439999                      -4.3018025
                   4.348                      -4.2918955
               4.3520002                      -4.2837194
               4.3559999                      -4.2773931
               4.3600001                      -4.2730205
               4.3639998                      -4.2706906
                   4.368                      -4.2704754
               4.3720002                      -4.2724256
               4.3759999                      -4.2765713
               4.3800001                      -4.2829191
               4.3839998                      -4.2914508
                   4.388                      -4.3021253
               4.3920002                      -4.3148726
               4.3959999                      -4.3296019
               4.4000001                       -4.346196
               4.4039998                      -4.3645177
                   4.408                      -4.3844052
               4.4120002                      -4.4056834
               4.4159999                      -4.4281586
               4.4200001                      -4.4516311
               4.4239998                      -4.4758887
                   4.428                      -4.5007195
               4.4320002                       -4.525919
               4.4359999                      -4.5512828
               4.4400001                      -4.5766232
               4.4439998                      -4.6017706
                   4.448                      -4.6265738
               4.4520001                      -4.6509092
               4.4559999                      -4.6746832
                    4.46                      -4.6978303
               4.4640002                      -4.7203166
               4.4679999                      -4.7421407
               4.4720001                      -4.7633323
               4.4759998                      -4.7839508
                    4.48                      -4.8040807
               4.4840002                      -4.8238271
               4.4879999                      -4.8433161
               4.4920001                      -4.8626833
               4.4959998                      -4.8820725
                     4.5                      -4.9016279
               4.5040002                      -4.9214912
               4.5079999                      -4.9417926
               4.5120001                      -4.9626495
               4.5159998                      -4.9841581
                    4.52                      -5.0063952
               4.5240002                      -5.0294091
               4.5279999                      -5.0532244
               4.5320001                      -5.0778359
               4.5359998                      -5.1032106
                    4.54                      -5.1292902
               4.5440001                      -5.1559927
               4.5479999                      -5.1832109
                   4.552                      -5.2108268
               4.5560002                      -5.2387053
               4.5599999                      -5.2667052
               4.5640001                      -5.2946854
               4.5679998                      -5.3225066
                   4.572                      -5.3500412
               4.5760002                       -5.377178
               4.5799999                      -5.4038226
               4.5840001                      -5.4299087
               4.5879998                      -5.4553977
                   4.592                      -5.4802775
               4.5960002                        -5.50457
               4.5999999                       -5.528327
               4.6040001                       -5.551628
               4.6079998                        -5.57458
                   4.612                      -5.5973095
               4.6160002                      -5.6199619
               4.6199999                      -5.6426954
               4.6240001                      -5.6656701
               4.6279998                       -5.689047
                   4.632                      -5.7129808
               4.6360002                      -5.7376125
               4.6399999                      -5.7630614
               4.6440001                      -5.7894265
               4.6479998                      -5.8167759
                   4.652                      -5.8451501
               4.6560001                      -5.8745537
               4.6599998                      -5.9049584
                   4.664                      -5.9363051
               4.6680002                      -5.9684976
               4.6719999                      -6.0014176
               4.6760001                      -6.0349197
               4.6799998                      -6.0688392
                   4.684                      -6.1029982
               4.6880002                       -6.137215
               4.6919999                      -6.1713081
               4.6960001                      -6.2051027
               4.6999998                      -6.2384434
                   4.704                      -6.2711934
               4.7080002                      -6.3032493
               4.7119999                      -6.3345368
               4.7160001                      -6.3650197
               4.7199998                      -6.3947035
                   4.724                      -6.4236294
               4.7280002                      -6.4518777
               4.7319999                      -6.4795653
               4.7360001                      -6.5068366
               4.7399998                      -6.5338611
                   4.744                      -6.5608248
               4.7480001                       -6.587925
               4.7519999                      -6.6153562
                   4.756                      -6.6433077
               4.7600002                      -6.6719495
               4.7639999                      -6.7014308
               4.7680001                       -6.731869
               4.7719998                       -6.763341
                   4.776                      -6.7958866
               4.7800002                      -6.8295008
               4.7839999                      -6.8641284
               4.7880001                      -6.8996722
               4.7919998                      -6.9359896
                   4.796                      -6.9728963
               4.8000002                      -7.0101765
               4.8039999                      -7.0475826
               4.8080001                      -7.0848528
               4.8119998                      -7.1217116
                   4.816                      -7.1578848
               4.8200002                      -7.1931115
               4.8239999                      -7.2271509
               4.8280001                      -7.2597963
               4.8319998                      -7.2908799
                   4.836                      -7.3202814
               4.8400002                      -7.3479359
               4.8439999                      -7.3738348
                   4.848                      -7.3980245
               4.8520002                      -7.4206044
               4.8559999                      -7.4417265
               4.8600001                      -7.4615833
               4.8639998                      -7.4803985
                   4.868                       -7.498418
               4.8720002                      -7.5158995
               4.8759999                      -7.5330963
               4.8800001                      -7.5502469
               4.8839998                      -7.5675652
                   4.888                      -7.5852227
               4.8920002                      -7.6033496
               4.8959999                      -7.6220163
               4.9000001                      -7.6412368
               4.9039998                      -7.6609578
                   4.908                      -7.6810649
               4.9120002                      -7.7013788
               4.9159999                      -7.7216644
               4.9200001                      -7.7416328
               4.9239998                      -7.7609559
                   4.928                      -7.7792767
               4.9320002                      -7.7962207
               4.9359999                      -7.8114137
               4.9400001                      -7.8244953
               4.9439998                      -7.8351392
                   4.948                      -7.8430601
               4.9520001                      -7.8480363
               4.9559999                      -7.8499128
                    4.96                      -7.8486152
               4.9640002                      -7.8441523
               4.9679999                      -7.8366116
               4.9720001                       -7.826164
               4.9759998                       -7.813052
                    4.98                      -7.7975768
               4.9840002                       -7.780091
               4.9879999                      -7.7609779
               4.9920001                      -7.7406387
               4.9959998                      -7.7194722
                       5                      -7.6978611

