                 Frequency                       S11
                       1                     -0.13329021
               1.0039999                     -0.14126028
                   1.008                     -0.14813861
                   1.012                      -0.1537972
                   1.016                     -0.15813021
                    1.02                     -0.16106348
                   1.024                      -0.1625503
                   1.028                     -0.16257417
               1.0319999                     -0.16114975
                   1.036                     -0.15832021
                    1.04                     -0.15415815
                   1.044                     -0.14876214
                   1.048                     -0.14225418
                   1.052                     -0.13477817
                   1.056                      -0.1264941
               1.0599999                     -0.11757669
                   1.064                     -0.10821033
                   1.068                    -0.098585104
                   1.072                    -0.088893719
                   1.076                    -0.079326042
                    1.08                    -0.070067189
                   1.084                    -0.061292523
               1.0880001                     -0.05316628
                   1.092                    -0.045836686
                   1.096                    -0.039433638
                     1.1                    -0.034071208
                   1.104                    -0.029839944
                   1.108                    -0.026806084
                   1.112                    -0.025015091
               1.1160001                    -0.024488183
                    1.12                    -0.025222135
                   1.124                    -0.027192029
                   1.128                    -0.030346072
                   1.132                    -0.034614155
                   1.136                    -0.039903609
                    1.14                    -0.046104457
               1.1440001                    -0.053089415
                   1.148                    -0.060716654
                   1.152                    -0.068833709
                   1.156                    -0.077276846
                    1.16                    -0.085879564
                   1.164                    -0.094471249
                   1.168                      -0.1028818
               1.1720001                     -0.11094747
                   1.176                     -0.11850978
               1.1799999                      -0.1254213
                   1.184                     -0.13155079
                   1.188                     -0.13677954
                   1.192                     -0.14101099
                   1.196                     -0.14416874
                     1.2                     -0.14619866
                   1.204                     -0.14707066
               1.2079999                     -0.14677697
                   1.212                     -0.14533648
                   1.216                     -0.14279008
                    1.22                     -0.13920084
                   1.224                     -0.13465293
                   1.228                     -0.12924889
                   1.232                     -0.12310829
               1.2359999                     -0.11636309
                    1.24                     -0.10915721
                   1.244                     -0.10164014
                   1.248                    -0.093968213
                   1.252                    -0.086296667
                   1.256                    -0.078778308
                    1.26                    -0.071564775
               1.2640001                    -0.064795464
                   1.268                    -0.058601069
                   1.272                    -0.053100837
                   1.276                    -0.048397564
                    1.28                    -0.044578407
                   1.284                    -0.041713171
                   1.288                    -0.039851744
               1.2920001                    -0.039025229
                   1.296                    -0.039244031
                     1.3                    -0.040500894
                   1.304                    -0.042764541
                   1.308                     -0.04598938
                   1.312                    -0.050109317
                   1.316                    -0.055040737
               1.3200001                    -0.060687978
                   1.324                    -0.066937555
               1.3279999                    -0.073668605
                   1.332                    -0.080749096
                   1.336                    -0.088041125
                    1.34                    -0.095403932
                   1.344                     -0.10269372
                   1.348                     -0.10976983
                   1.352                     -0.11649632
               1.3559999                     -0.12274459
                    1.36                     -0.12839476
                   1.364                     -0.13334175
                   1.368                     -0.13749249
                   1.372                     -0.14077434
                   1.376                     -0.14312816
                    1.38                     -0.14451792
               1.3839999                     -0.14492614
                   1.388                     -0.14435535
                   1.392                     -0.14282896
                   1.396                     -0.14039049
                     1.4                     -0.13709996
                   1.404                      -0.1330364
                   1.408                     -0.12829327
               1.4119999                     -0.12297645
                   1.416                     -0.11720427
                    1.42                     -0.11110198
                   1.424                     -0.10479909
                   1.428                    -0.098431312
                   1.432                    -0.092131802
                   1.436                    -0.086031023
               1.4400001                    -0.080256521
                   1.444                     -0.07492702
                   1.448                    -0.070151136
                   1.452                    -0.066025965
                   1.456                    -0.062636399
                    1.46                    -0.060051884
                   1.464                    -0.058325767
               1.4680001                    -0.057495216
                   1.472                    -0.057578703
                   1.476                    -0.058578184
                    1.48                    -0.060478717
                   1.484                    -0.063247509
                   1.488                    -0.066833492
                   1.492                    -0.071173071
               1.4960001                    -0.076186672
                     1.5                    -0.081782329
               1.5039999                    -0.087856422
                   1.508                    -0.094296231
                   1.512                     -0.10098335
                   1.516                     -0.10779183
                    1.52                     -0.11459689
                   1.524                     -0.12127099
                   1.528                     -0.12769108
               1.5319999                     -0.13373776
                   1.536                     -0.13930196
                    1.54                     -0.14428148
                   1.544                     -0.14858838
                   1.548                      -0.1521479
                   1.552                     -0.15490145
                   1.556                     -0.15680555
               1.5599999                     -0.15783665
                   1.564                     -0.15798804
                   1.568                     -0.15727132
                   1.572                     -0.15571635
                   1.576                     -0.15337116
                    1.58                     -0.15029779
                   1.584                     -0.14657425
               1.5880001                     -0.14229282
                   1.592                     -0.13755443
                   1.596                     -0.13246991
                     1.6                     -0.12715726
                   1.604                      -0.1217374
                   1.608                     -0.11633449
                   1.612                     -0.11106815
               1.6160001                     -0.10605986
                    1.62                     -0.10142053
                   1.624                    -0.097257883
                   1.628                    -0.093665845
                   1.632                    -0.090730002
                   1.636                    -0.088521324
                    1.64                    -0.087097782
               1.6440001                    -0.086501552
                   1.648                    -0.086758291
                   1.652                    -0.087878278
                   1.656                    -0.089855241
                    1.66                    -0.092665958
                   1.664                    -0.096272416
                   1.668                     -0.10062009
               1.6720001                     -0.10564117
                   1.676                      -0.1112549
               1.6799999                     -0.11736832
                   1.684                     -0.12387934
                   1.688                     -0.13067845
                   1.692                     -0.13764863
                   1.696                     -0.14467222
                     1.7                      -0.1516273
                   1.704                     -0.15839571
               1.7079999                     -0.16486104
                   1.712                     -0.17091479
                   1.716                     -0.17645487
                    1.72                     -0.18139142
                   1.724                     -0.18564644
                   1.728                     -0.18915555
                   1.732                     -0.19186971
               1.7359999                     -0.19375769
                    1.74                     -0.19480474
                   1.744                      -0.1950139
                   1.748                     -0.19440631
                   1.752                     -0.19301901
                   1.756                     -0.19090739
                    1.76                     -0.18813978
               1.7640001                      -0.1847996
                   1.768                       -0.180982
                   1.772                     -0.17679168
                   1.776                     -0.17234165
                    1.78                     -0.16774859
                   1.784                     -0.16313541
                   1.788                     -0.15862153
               1.7920001                     -0.15432829
                   1.796                     -0.15037041
                     1.8                     -0.14685779
                   1.804                     -0.14389038
                   1.808                     -0.14155891
                   1.812                     -0.13994195
                   1.816                     -0.13910492
               1.8200001                     -0.13909909
                   1.824                     -0.13995737
               1.8279999                     -0.14170013
                   1.832                     -0.14433011
                   1.836                     -0.14783303
                    1.84                     -0.15217743
                   1.844                     -0.15731892
                   1.848                      -0.1631949
                   1.852                      -0.1697303
               1.8559999                     -0.17683731
                    1.86                     -0.18441615
                   1.864                     -0.19235847
                   1.868                      -0.2005498
                   1.872                     -0.20886827
                   1.876                     -0.21719035
                    1.88                     -0.22539279
               1.8839999                      -0.2333537
                   1.888                     -0.24095639
                   1.892                     -0.24808995
                   1.896                     -0.25465555
                     1.9                      -0.2605639
                   1.904                     -0.26574102
                   1.908                     -0.27012608
               1.9119999                     -0.27367665
                   1.916                      -0.2763688
                    1.92                      -0.2781961
                   1.924                     -0.27916968
                   1.928                     -0.27932157
                   1.932                     -0.27870125
                   1.936                     -0.27737349
               1.9400001                     -0.27542055
                   1.944                     -0.27293794
                   1.948                     -0.27003407
                   1.952                     -0.26682729
                   1.956                     -0.26344196
                    1.96                     -0.26000938
                   1.964                       -0.256663
               1.9680001                     -0.25353472
                   1.972                     -0.25075509
                   1.976                     -0.24844894
                    1.98                     -0.24673546
                   1.984                     -0.24572201
                   1.988                     -0.24550461
                   1.992                     -0.24616726
               1.9960001                     -0.24777813
                       2                     -0.25038856
               2.0039999                     -0.25403553
               2.0079999                     -0.25873467
               2.0120001                      -0.2644857
                   2.016                     -0.27126996
                    2.02                     -0.27904949
               2.0239999                      -0.2877697
               2.0280001                     -0.29735973
               2.0320001                     -0.30773245
                   2.036                     -0.31878682
                    2.04                     -0.33041086
               2.0439999                     -0.34248045
               2.0480001                     -0.35486377
                   2.052                     -0.36742446
                   2.056                     -0.38002288
               2.0599999                     -0.39251759
               2.0639999                     -0.40477316
               2.0680001                     -0.41665798
                   2.072                     -0.42804796
                   2.076                     -0.43883345
               2.0799999                      -0.4489159
               2.0840001                     -0.45821435
               2.0880001                     -0.46666657
                   2.092                     -0.47422977
                   2.096                     -0.48088363
               2.0999999                     -0.48662905
               2.1040001                     -0.49149016
                   2.108                     -0.49551424
                   2.112                     -0.49876931
               2.1159999                     -0.50134567
               2.1199999                     -0.50335226
               2.1240001                     -0.50491551
                   2.128                     -0.50617649
                   2.132                      -0.5072914
               2.1359999                     -0.50842361
               2.1400001                     -0.50974328
               2.1440001                     -0.51142665
                   2.148                     -0.51365006
                   2.152                     -0.51658705
               2.1559999                      -0.5204062
               2.1600001                     -0.52526956
                   2.164                     -0.53132603
                   2.168                     -0.53871409
               2.1719999                     -0.54755589
               2.1760001                     -0.55795775
               2.1800001                     -0.57000608
                   2.184                     -0.58376848
                   2.188                     -0.59929042
               2.1919999                     -0.61659734
               2.1960001                     -0.63569172
                     2.2                     -0.65655496
                   2.204                     -0.67914627
               2.2079999                     -0.70340408
               2.2119999                     -0.72924868
               2.2160001                     -0.75657951
                    2.22                     -0.78528231
                   2.224                     -0.81522739
               2.2279999                     -0.84627345
               2.2320001                     -0.87827198
               2.2360001                     -0.91106812
                    2.24                     -0.94450557
                   2.244                     -0.97843346
               2.2479999                      -1.0127007
               2.2520001                      -1.0471733
                   2.256                      -1.0817287
                    2.26                      -1.1162627
               2.2639999                      -1.1506965
               2.2679999                      -1.1849747
               2.2720001                      -1.2190724
                   2.276                      -1.2529996
                    2.28                      -1.2867958
               2.2839999                      -1.3205424
               2.2880001                      -1.3543569
               2.2920001                      -1.3883921
                   2.296                      -1.4228418
                     2.3                      -1.4579332
               2.3039999                      -1.4939316
               2.3080001                      -1.5311333
                   2.312                      -1.5698658
                   2.316                      -1.6104823
               2.3199999                      -1.6533619
               2.3239999                      -1.6989031
               2.3280001                      -1.7475202
                   2.332                      -1.7996426
                   2.336                      -1.8557065
               2.3399999                      -1.9161548
               2.3440001                      -1.9814325
                   2.348                      -2.0519806
                   2.352                      -2.1282383
               2.3559999                      -2.2106317
               2.3599999                      -2.2995776
               2.3640001                      -2.3954757
                   2.368                      -2.4987028
                   2.372                      -2.6096145
               2.3759999                      -2.7285362
               2.3800001                      -2.8557573
               2.3840001                      -2.9915246
                   2.388                       -3.136037
                   2.392                      -3.2894336
               2.3959999                      -3.4517826
               2.4000001                      -3.6230703
                   2.404                      -3.8031816
                   2.408                       -3.991883
               2.4119999                      -4.1887986
               2.4159999                      -4.3933829
               2.4200001                      -4.6048934
                   2.424                      -4.8223568
                   2.428                       -5.044527
               2.4319999                      -5.2698529
               2.4360001                      -5.4964391
               2.4400001                      -5.7220126
                   2.444                      -5.9439059
                   2.448                      -6.1590511
               2.4519999                      -6.3640076
               2.4560001                      -6.5550218
                    2.46                      -6.7281381
                   2.464                      -6.8793527
               2.4679999                      -7.0048197
               2.4719999                       -7.101088
               2.4760001                      -7.1653475
                    2.48                      -7.1956585
                   2.484                      -7.1911149
               2.4879999                      -7.1519295
               2.4920001                      -7.0794106
               2.4960001                      -6.9758485
                     2.5                      -6.8443165
               2.5039999                      -6.6884367
               2.5079999                      -6.5121308
               2.5120001                      -6.3193916
                   2.516                       -6.114102
                    2.52                      -5.8998906
               2.5239999                      -5.6800458
               2.5280001                      -5.4574707
               2.5320001                      -5.2346651
                   2.536                      -5.0137424
                    2.54                      -4.7964471
               2.5439999                       -4.584197
               2.5480001                      -4.3781165
                   2.552                      -4.1790768
                   2.556                        -3.98773
               2.5599999                      -3.8045417
               2.5639999                      -3.6298233
               2.5680001                      -3.4637515
                   2.572                      -3.3063966
                   2.576                      -3.1577323
               2.5799999                      -3.0176597
               2.5840001                      -2.8860116
               2.5880001                      -2.7625728
                   2.592                      -2.6470793
                   2.596                      -2.5392312
               2.5999999                      -2.4386998
               2.6040001                      -2.3451296
                   2.608                      -2.2581454
                   2.612                      -2.1773554
               2.6159999                      -2.1023576
               2.6199999                       -2.032739
               2.6240001                      -1.9680846
                   2.628                       -1.907975
                   2.632                      -1.8519948
               2.6359999                       -1.799733
               2.6400001                      -1.7507876
               2.6440001                      -1.7047683
                   2.648                         -1.6613
                   2.652                      -1.6200246
               2.6559999                      -1.5806072
               2.6600001                      -1.5427357
                   2.664                      -1.5061243
                   2.668                      -1.4705157
               2.6719999                      -1.4356842
               2.6760001                      -1.4014357
               2.6800001                      -1.3676071
                   2.684                      -1.3340675
                   2.688                      -1.3007217
               2.6919999                      -1.2675043
               2.6960001                      -1.2343783
                     2.7                      -1.2013392
                   2.704                      -1.1684054
               2.7079999                      -1.1356206
               2.7119999                      -1.1030488
               2.7160001                        -1.07077
                    2.72                      -1.0388799
                   2.724                      -1.0074851
               2.7279999                     -0.97669821
               2.7320001                     -0.94663564
               2.7360001                     -0.91741429
                    2.74                     -0.88914975
                   2.744                     -0.86195061
               2.7479999                     -0.83592011
               2.7520001                     -0.81114894
                   2.756                      -0.7877165
                    2.76                     -0.76568871
               2.7639999                     -0.74511664
               2.7679999                     -0.72603547
               2.7720001                      -0.7084623
                   2.776                     -0.69239856
                    2.78                     -0.67782758
               2.7839999                       -0.664719
               2.7880001                     -0.65302032
               2.7920001                     -0.64266952
                   2.796                     -0.63358497
                     2.8                     -0.62567548
               2.8039999                     -0.61883646
               2.8080001                     -0.61295527
                   2.812                     -0.60790725
                   2.816                     -0.60356535
               2.8199999                     -0.59979526
               2.8239999                     -0.59646499
               2.8280001                     -0.59343896
                   2.832                     -0.59058609
                   2.836                      -0.5877804
               2.8399999                     -0.58490194
               2.8440001                     -0.58184224
                   2.848                     -0.57849927
                   2.852                     -0.57478749
               2.8559999                     -0.57063259
               2.8599999                     -0.56597698
               2.8640001                     -0.56077792
                   2.868                     -0.55500791
                   2.872                     -0.54865733
               2.8759999                     -0.54173053
               2.8800001                      -0.5342492
               2.8840001                     -0.52624877
                   2.888                     -0.51777701
                   2.892                     -0.50889614
               2.8959999                     -0.49967674
               2.9000001                     -0.49019786
                   2.904                       -0.480546
                   2.908                     -0.47081331
               2.9119999                     -0.46109452
               2.9159999                      -0.4514815
               2.9200001                     -0.44206964
                   2.924                      -0.4329477
                   2.928                     -0.42420308
               2.9319999                     -0.41591216
               2.9360001                     -0.40814768
               2.9400001                     -0.40096963
                   2.944                     -0.39443095
                   2.948                     -0.38857117
               2.9519999                     -0.38341836
               2.9560001                     -0.37898935
                    2.96                     -0.37528877
                   2.964                     -0.37230807
               2.9679999                     -0.37002757
               2.9719999                     -0.36841541
               2.9760001                     -0.36742975
                    2.98                     -0.36701935
                   2.984                     -0.36712202
               2.9879999                     -0.36766939
               2.9920001                     -0.36858694
               2.9960001                     -0.36979555
                       3                     -0.37121141
               3.0039999                     -0.37274994
               3.0079999                     -0.37432601
               3.0120001                     -0.37585583
                   3.016                     -0.37726076
                    3.02                      -0.3784642
               3.0239999                     -0.37939697
               3.0280001                     -0.37999684
               3.0320001                      -0.3802111
                   3.036                     -0.37999491
                    3.04                     -0.37931508
               3.0439999                     -0.37814955
               3.0480001                     -0.37648668
                   3.052                     -0.37432602
                   3.056                     -0.37167923
               3.0599999                     -0.36856731
               3.0639999                      -0.3650231
               3.0680001                     -0.36108669
                   3.072                     -0.35680905
                   3.076                     -0.35224562
               3.0799999                     -0.34745946
               3.0840001                     -0.34251746
               3.0880001                     -0.33749111
                   3.092                     -0.33245107
                   3.096                     -0.32746924
               3.0999999                     -0.32261677
               3.1040001                     -0.31796064
                   3.108                     -0.31356565
                   3.112                     -0.30948936
               3.1159999                     -0.30578517
               3.1199999                     -0.30249654
               3.1240001                     -0.29966147
                   3.128                     -0.29730769
                   3.132                     -0.29545406
               3.1359999                     -0.29411053
               3.1400001                      -0.2932763
               3.1440001                     -0.29294217
                   3.148                     -0.29308988
                   3.152                     -0.29369254
               3.1559999                     -0.29471357
               3.1600001                      -0.2961097
                   3.164                     -0.29783254
                   3.168                     -0.29982625
               3.1719999                      -0.3020301
               3.1760001                     -0.30438286
               3.1800001                      -0.3068178
                   3.184                     -0.30927097
                   3.188                     -0.31167629
               3.1919999                     -0.31396911
               3.1960001                     -0.31609147
                     3.2                     -0.31798545
                   3.204                     -0.31960155
               3.2079999                      -0.3208949
               3.2119999                     -0.32182954
               3.2160001                     -0.32237593
                    3.22                     -0.32251432
                   3.224                     -0.32223338
               3.2279999                     -0.32152929
               3.2320001                     -0.32040985
               3.2360001                     -0.31889122
                    3.24                     -0.31699685
                   3.244                     -0.31475725
               3.2479999                     -0.31221257
               3.2520001                     -0.30940756
                   3.256                     -0.30639317
                    3.26                      -0.3032234
               3.2639999                     -0.29995522
               3.2679999                     -0.29665041
               3.2720001                     -0.29336669
                   3.276                     -0.29016331
                    3.28                     -0.28709934
               3.2839999                     -0.28422865
               3.2880001                     -0.28160178
               3.2920001                     -0.27926521
                   3.296                     -0.27725683
                     3.3                     -0.27561162
               3.3039999                     -0.27435472
               3.3080001                     -0.27350488
                   3.312                     -0.27307208
                   3.316                     -0.27305918
               3.3199999                     -0.27346025
               3.3239999                      -0.2742618
               3.3280001                     -0.27544227
                   3.332                     -0.27697338
                   3.336                      -0.2788191
               3.3399999                     -0.28093876
               3.3440001                     -0.28328591
                   3.348                     -0.28581158
                   3.352                     -0.28846039
               3.3559999                     -0.29117779
               3.3599999                     -0.29390783
               3.3640001                     -0.29659163
                   3.368                     -0.29917698
                   3.372                     -0.30160887
               3.3759999                     -0.30383945
               3.3800001                     -0.30582382
               3.3840001                     -0.30752151
                   3.388                     -0.30890133
                   3.392                     -0.30993452
               3.3959999                      -0.3106035
               3.4000001                      -0.3108964
                   3.404                      -0.3108117
                   3.408                     -0.31035194
               3.4119999                     -0.30953064
               3.4159999                     -0.30836757
               3.4200001                      -0.3068914
                   3.424                     -0.30513395
                   3.428                      -0.3031354
               3.4319999                     -0.30093958
               3.4360001                     -0.29859744
               3.4400001                      -0.2961579
                   3.444                      -0.2936737
                   3.448                     -0.29120061
               3.4519999                     -0.28879212
               3.4560001                      -0.2864993
                    3.46                      -0.2843734
                   3.464                     -0.28246033
               3.4679999                     -0.28080264
               3.4719999                     -0.27943704
               3.4760001                     -0.27839417
                    3.48                     -0.27770054
                   3.484                     -0.27737218
               3.4879999                     -0.27742083
               3.4920001                     -0.27784917
               3.4960001                      -0.2786534
                     3.5                     -0.27982169
               3.5039999                     -0.28133597
               3.5079999                     -0.28316993
               3.5120001                      -0.2852923
                   3.516                     -0.28766525
                    3.52                     -0.29024768
               3.5239999                     -0.29299299
               3.5280001                     -0.29585141
               3.5320001                     -0.29877077
                   3.536                      -0.3017009
                    3.54                     -0.30458693
               3.5439999                     -0.30737866
               3.5480001                      -0.3100261
                   3.552                     -0.31248266
                   3.556                     -0.31470585
               3.5599999                      -0.3166588
               3.5639999                     -0.31830945
               3.5680001                     -0.31963259
                   3.572                     -0.32060918
                   3.576                     -0.32122907
               3.5799999                     -0.32148759
               3.5840001                     -0.32138897
               3.5880001                     -0.32094461
                   3.592                     -0.32017321
                   3.596                     -0.31909991
               3.5999999                     -0.31775567
               3.6040001                     -0.31617896
                   3.608                     -0.31441128
                   3.612                     -0.31249912
               3.6159999                     -0.31049124
               3.6199999                     -0.30843814
               3.6240001                     -0.30639319
                   3.628                     -0.30440775
                   3.632                     -0.30253123
               3.6359999                     -0.30081316
               3.6400001                     -0.29929893
               3.6440001                     -0.29802907
                   3.648                     -0.29704139
                   3.652                     -0.29636551
               3.6559999                     -0.29602638
               3.6600001                     -0.29604144
                   3.664                     -0.29642238
                   3.668                     -0.29717311
               3.6719999                      -0.2982894
               3.6760001                     -0.29976076
               3.6800001                     -0.30156929
                   3.684                     -0.30369128
                   3.688                     -0.30609451
               3.6919999                     -0.30874446
               3.6960001                     -0.31159829
                     3.7                     -0.31461139
                   3.704                     -0.31773492
               3.7079999                     -0.32091876
               3.7119999                     -0.32411085
               3.7160001                     -0.32725805
                    3.72                     -0.33031024
                   3.724                     -0.33321705
               3.7279999                     -0.33593209
               3.7320001                     -0.33841425
               3.7360001                     -0.34062479
                    3.74                     -0.34253153
                   3.744                     -0.34410825
               3.7479999                     -0.34533796
               3.7520001                     -0.34620807
                   3.756                      -0.3467142
                    3.76                     -0.34685982
               3.7639999                     -0.34665592
               3.7679999                     -0.34612107
               3.7720001                      -0.3452814
                   3.776                     -0.34416795
                    3.78                     -0.34281825
               3.7839999                     -0.34127467
               3.7880001                     -0.33958449
               3.7920001                     -0.33779652
                   3.796                     -0.33596382
                     3.8                     -0.33413844
               3.8039999                     -0.33237362
               3.8080001                     -0.33072144
                   3.812                     -0.32923221
                   3.816                     -0.32795063
               3.8199999                     -0.32692059
               3.8239999                     -0.32618023
               3.8280001                     -0.32576066
                   3.832                     -0.32568792
                   3.836                     -0.32598089
               3.8399999                     -0.32665154
               3.8440001                     -0.32770319
                   3.848                     -0.32913299
                   3.852                     -0.33093031
               3.8559999                      -0.3330769
               3.8599999                     -0.33554716
               3.8640001                       -0.338311
                   3.868                     -0.34132954
                   3.872                     -0.34456064
               3.8759999                     -0.34795672
               3.8800001                      -0.3514676
               3.8840001                     -0.35503981
                   3.888                     -0.35861964
                   3.892                     -0.36215177
               3.8959999                     -0.36558241
               3.9000001                     -0.36886011
                   3.904                      -0.3719353
                   3.908                     -0.37476278
               3.9119999                     -0.37730347
               3.9159999                     -0.37952303
               3.9200001                     -0.38139337
                   3.924                     -0.38289413
                   3.928                     -0.38401393
               3.9319999                     -0.38474827
               3.9360001                     -0.38509766
               3.9400001                     -0.38507692
                   3.944                     -0.38470354
                   3.948                     -0.38400611
               3.9519999                     -0.38301636
               3.9560001                     -0.38177442
                    3.96                     -0.38032685
                   3.964                     -0.37872297
               3.9679999                     -0.37701564
               3.9719999                      -0.3752618
               3.9760001                     -0.37351659
                    3.98                     -0.37183814
                   3.984                     -0.37028265
               3.9879999                     -0.36890316
               3.9920001                     -0.36774951
               3.9960001                     -0.36686973
                       4                     -0.36630341
               4.0040002                     -0.36608586
               4.0079999                     -0.36624518
               4.0120001                     -0.36680192
               4.0159998                     -0.36776935
                    4.02                      -0.3691533
               4.0240002                     -0.37094795
               4.0279999                       -0.373145
               4.0320001                     -0.37572263
               4.0359998                     -0.37865571
                    4.04                     -0.38190878
               4.0440001                     -0.38544176
               4.0479999                      -0.3892067
                   4.052                     -0.39315328
               4.0560002                     -0.39722575
               4.0599999                     -0.40136611
               4.0640001                     -0.40551387
               4.0679998                     -0.40960884
                   4.072                     -0.41359186
               4.0760002                     -0.41740551
               4.0799999                     -0.42099349
               4.0840001                     -0.42430858
               4.0879998                     -0.42730369
                   4.092                     -0.42994152
               4.0960002                     -0.43219224
               4.0999999                     -0.43403099
               4.1040001                     -0.43544431
               4.1079998                     -0.43642719
                   4.112                      -0.4369818
               4.1160002                     -0.43712142
               4.1199999                     -0.43686757
               4.1240001                     -0.43624922
               4.1279998                     -0.43530577
                   4.132                     -0.43407922
               4.1360002                     -0.43262139
               4.1399999                     -0.43098983
               4.1440001                     -0.42924255
               4.1479998                     -0.42744347
                   4.152                     -0.42565649
               4.1560001                     -0.42394529
               4.1599998                     -0.42237398
                   4.164                     -0.42100399
               4.1680002                      -0.4198922
               4.1719999                     -0.41909064
               4.1760001                     -0.41864743
               4.1799998                     -0.41860118
                   4.184                     -0.41898603
               4.1880002                     -0.41982492
               4.1919999                     -0.42113374
               4.1960001                     -0.42291878
               4.1999998                     -0.42517686
                   4.204                     -0.42789507
               4.2080002                     -0.43105268
               4.2119999                     -0.43461765
               4.2160001                     -0.43855332
               4.2199998                     -0.44281234
                   4.224                     -0.44734167
               4.2280002                     -0.45208173
               4.2319999                     -0.45697012
               4.2360001                     -0.46193922
               4.2399998                     -0.46691895
                   4.244                     -0.47184003
               4.2480001                     -0.47663402
               4.2519999                     -0.48123347
                   4.256                     -0.48557423
               4.2600002                     -0.48959884
               4.2639999                     -0.49325353
               4.2680001                     -0.49649358
               4.2719998                     -0.49928262
                   4.276                      -0.5015938
               4.2800002                     -0.50340745
               4.2839999                     -0.50471759
               4.2880001                     -0.50552768
               4.2919998                     -0.50585108
                   4.296                     -0.50571378
               4.3000002                     -0.50514764
               4.3039999                     -0.50419799
               4.3080001                     -0.50291648
               4.3119998                     -0.50136329
                   4.316                     -0.49960259
               4.3200002                     -0.49770528
               4.3239999                     -0.49574696
               4.3280001                     -0.49380232
               4.3319998                     -0.49194717
                   4.336                     -0.49025841
               4.3400002                     -0.48880737
               4.3439999                     -0.48766287
                   4.348                     -0.48688866
               4.3520002                     -0.48654045
               4.3559999                     -0.48666652
               4.3600001                     -0.48730647
               4.3639998                     -0.48849082
                   4.368                     -0.49023827
               4.3720002                     -0.49255756
               4.3759999                     -0.49544718
               4.3800001                     -0.49889207
               4.3839998                     -0.50286817
                   4.388                     -0.50733992
               4.3920002                     -0.51226314
               4.3959999                     -0.51758228
               4.4000001                     -0.52323509
               4.4039998                     -0.52915037
                   4.408                     -0.53525269
               4.4120002                     -0.54146152
               4.4159999                     -0.54769354
               4.4200001                     -0.55386416
               4.4239998                     -0.55988935
                   4.428                     -0.56568726
               4.4320002                     -0.57118013
               4.4359999                     -0.57629541
               4.4400001                     -0.58096852
               4.4439998                     -0.58514188
                   4.448                     -0.58877111
               4.4520001                     -0.59182095
               4.4559999                     -0.59426687
                    4.46                     -0.59609969
               4.4640002                      -0.5973221
               4.4679999                     -0.59794832
               4.4720001                     -0.59800797
               4.4759998                     -0.59754094
                    4.48                      -0.5966011
               4.4840002                     -0.59525065
               4.4879999                     -0.59356184
               4.4920001                     -0.59161513
               4.4959998                     -0.58949711
                     4.5                     -0.58729953
               4.5040002                     -0.58511438
               4.5079999                     -0.58303884
               4.5120001                      -0.5811641
               4.5159998                     -0.57958141
                    4.52                     -0.57837768
               4.5240002                     -0.57763217
               4.5279999                      -0.5774151
               4.5320001                     -0.57778908
               4.5359998                     -0.57880571
                    4.54                     -0.58050376
               4.5440001                     -0.58290961
               4.5479999                     -0.58603633
                   4.552                     -0.58988498
               4.5560002                     -0.59444002
               4.5599999                     -0.59967385
               4.5640001                     -0.60554487
               4.5679998                     -0.61199948
                   4.572                     -0.61897104
               4.5760002                     -0.62638293
               4.5799999                     -0.63414972
               4.5840001                     -0.64217527
               4.5879998                     -0.65036146
                   4.592                     -0.65860302
               4.5960002                     -0.66679226
               4.5999999                     -0.67482283
               4.6040001                      -0.6825907
               4.6079998                     -0.68999608
                   4.612                     -0.69694442
               4.6160002                     -0.70335068
               4.6199999                     -0.70914144
               4.6240001                     -0.71425331
               4.6279998                     -0.71863926
                   4.632                     -0.72226535
               4.6360002                     -0.72511527
               4.6399999                     -0.72718943
               4.6440001                     -0.72850212
               4.6479998                     -0.72908847
                   4.652                     -0.72899557
               4.6560001                     -0.72829035
               4.6599998                     -0.72705023
                   4.664                     -0.72536541
               4.6680002                     -0.72333882
               4.6719999                     -0.72107991
               4.6760001                     -0.71870575
               4.6799998                      -0.7163364
                   4.684                     -0.71409489
               4.6880002                     -0.71210384
               4.6919999                     -0.71048118
               4.6960001                     -0.70933939
               4.6999998                     -0.70878522
                   4.704                     -0.70891323
               4.7080002                     -0.70980855
               4.7119999                     -0.71154212
               4.7160001                     -0.71416881
               4.7199998                     -0.71772991
                   4.724                     -0.72224838
               4.7280002                     -0.72772893
               4.7319999                     -0.73416175
               4.7360001                     -0.74151467
               4.7399998                     -0.74974152
                   4.744                     -0.75877863
               4.7480001                      -0.7685444
               4.7519999                     -0.77894448
                   4.756                     -0.78987091
               4.7600002                     -0.80120385
               4.7639999                     -0.81281484
               4.7680001                     -0.82456907
               4.7719998                     -0.83632536
                   4.776                     -0.84794379
               4.7800002                     -0.85928465
               4.7839999                     -0.87021177
               4.7880001                     -0.88059716
               4.7919998                     -0.89032355
                   4.796                     -0.89928513
               4.8000002                     -0.90739356
               4.8039999                     -0.91457534
               4.8080001                     -0.92077866
               4.8119998                     -0.92597204
                   4.816                     -0.93014639
               4.8200002                     -0.93331445
               4.8239999                     -0.93551182
               4.8280001                     -0.93679705
               4.8319998                     -0.93724839
                   4.836                     -0.93696512
               4.8400002                     -0.93606344
               4.8439999                     -0.93467497
                   4.848                     -0.93294423
               4.8520002                      -0.9310265
               4.8559999                     -0.92908384
               4.8600001                     -0.92728146
               4.8639998                     -0.92578435
                   4.868                     -0.92475619
               4.8720002                     -0.92435477
               4.8759999                     -0.92472914
               4.8800001                     -0.92601669
               4.8839998                     -0.92834029
                   4.888                     -0.93180671
               4.8920002                      -0.9365035
               4.8959999                     -0.94249964
               4.9000001                     -0.94984111
               4.9039998                     -0.95855152
                   4.908                     -0.96863178
               4.9120002                     -0.98005691
               4.9159999                     -0.99278115
               4.9200001                      -1.0067343
               4.9239998                      -1.0218224
                   4.928                       -1.037933
               4.9320002                      -1.0549324
               4.9359999                      -1.0726705
               4.9400001                      -1.0909803
               4.9439998                      -1.1096853
                   4.948                      -1.1285989
               4.9520001                        -1.14753
               4.9559999                      -1.1662847
                    4.96                       -1.184672
               4.9640002                      -1.2025077
               4.9679999                      -1.2196179
               4.9720001                      -1.2358429
               4.9759998                      -1.2510426
                    4.98                      -1.2650979
               4.9840002                      -1.2779147
               4.9879999                       -1.289427
               4.9920001                      -1.2995987
               4.9959998                      -1.3084247
                       5                      -1.3159309

