Theta[deg.]      Phi[deg.]       Abs(Gain)[dBi]      Abs(Theta)[dBi]     Phase(Theta)[deg.]   Abs(Phi)[dBi]     Phase(Phi)[deg.]      Ax.Ratio[dB]    
   0.000           0.000            9.622e-01          -3.758e+01             320.440           9.616e-01              65.404           3.884e+01     
   1.000           0.000            9.617e-01          -3.833e+01             322.339           9.612e-01              65.412           3.952e+01     
   2.000           0.000            9.595e-01          -3.915e+01             324.615           9.591e-01              65.435           4.000e+01     
   3.000           0.000            9.556e-01          -4.003e+01             327.381           9.553e-01              65.472           4.000e+01     
   4.000           0.000            9.500e-01          -4.099e+01             330.798           9.497e-01              65.524           4.000e+01     
   5.000           0.000            9.427e-01          -4.203e+01             335.091           9.425e-01              65.590           4.000e+01     
   6.000           0.000            9.338e-01          -4.314e+01             340.572           9.336e-01              65.670           4.000e+01     
   7.000           0.000            9.232e-01          -4.429e+01             347.662           9.231e-01              65.765           4.000e+01     
   8.000           0.000            9.110e-01          -4.542e+01             356.855           9.109e-01              65.875           4.000e+01     
   9.000           0.000            8.972e-01          -4.638e+01               8.528           8.971e-01              65.998           4.000e+01     
  10.000           0.000            8.817e-01          -4.699e+01              22.482           8.817e-01              66.136           4.000e+01     
  11.000           0.000            8.648e-01          -4.705e+01              37.482           8.647e-01              66.288           4.000e+01     
  12.000           0.000            8.462e-01          -4.655e+01              51.644           8.461e-01              66.455           4.000e+01     
  13.000           0.000            8.262e-01          -4.567e+01              63.616           8.261e-01              66.635           4.000e+01     
  14.000           0.000            8.047e-01          -4.460e+01              73.095           8.045e-01              66.830           4.000e+01     
  15.000           0.000            7.817e-01          -4.350e+01              80.420           7.816e-01              67.039           4.000e+01     
  16.000           0.000            7.574e-01          -4.244e+01              86.086           7.572e-01              67.261           4.000e+01     
  17.000           0.000            7.317e-01          -4.145e+01              90.524           7.314e-01              67.498           4.000e+01     
  18.000           0.000            7.046e-01          -4.053e+01              94.061           7.043e-01              67.748           4.000e+01     
  19.000           0.000            6.763e-01          -3.969e+01              96.929           6.759e-01              68.012           4.000e+01     
  20.000           0.000            6.468e-01          -3.892e+01              99.295           6.463e-01              68.289           4.000e+01     
  21.000           0.000            6.161e-01          -3.821e+01             101.278           6.155e-01              68.580           4.000e+01     
  22.000           0.000            5.843e-01          -3.756e+01             102.962           5.836e-01              68.883           4.000e+01     
  23.000           0.000            5.514e-01          -3.695e+01             104.411           5.506e-01              69.200           4.000e+01     
  24.000           0.000            5.175e-01          -3.640e+01             105.672           5.166e-01              69.530           4.000e+01     
  25.000           0.000            4.827e-01          -3.588e+01             106.780           4.817e-01              69.873           4.000e+01     
  26.000           0.000            4.469e-01          -3.541e+01             107.764           4.458e-01              70.227           4.000e+01     
  27.000           0.000            4.104e-01          -3.496e+01             108.644           4.091e-01              70.595           3.957e+01     
  28.000           0.000            3.730e-01          -3.454e+01             109.438           3.716e-01              70.974           3.904e+01     
  29.000           0.000            3.350e-01          -3.416e+01             110.159           3.334e-01              71.365           3.855e+01     
  30.000           0.000            2.963e-01          -3.380e+01             110.818           2.946e-01              71.768           3.811e+01     
  31.000           0.000            2.571e-01          -3.346e+01             111.424           2.552e-01              72.181           3.769e+01     
  32.000           0.000            2.173e-01          -3.314e+01             111.984           2.153e-01              72.606           3.731e+01     
  33.000           0.000            1.772e-01          -3.284e+01             112.505           1.750e-01              73.042           3.696e+01     
  34.000           0.000            1.366e-01          -3.256e+01             112.991           1.343e-01              73.487           3.663e+01     
  35.000           0.000            9.583e-02          -3.230e+01             113.447           9.333e-02              73.943           3.633e+01     
  36.000           0.000            5.480e-02          -3.206e+01             113.877           5.212e-02              74.408           3.605e+01     
  37.000           0.000            1.362e-02          -3.183e+01             114.284           1.078e-02              74.882           3.579e+01     
  38.000           0.000           -2.763e-02          -3.161e+01             114.670          -3.065e-02              75.365           3.555e+01     
  39.000           0.000           -6.888e-02          -3.141e+01             115.037          -7.207e-02              75.856           3.533e+01     
  40.000           0.000           -1.101e-01          -3.122e+01             115.389          -1.134e-01              76.355           3.513e+01     
  41.000           0.000           -1.511e-01          -3.105e+01             115.726          -1.546e-01              76.861           3.495e+01     
  42.000           0.000           -1.920e-01          -3.088e+01             116.050          -1.957e-01              77.374           3.478e+01     
  43.000           0.000           -2.325e-01          -3.073e+01             116.363          -2.364e-01              77.893           3.462e+01     
  44.000           0.000           -2.727e-01          -3.059e+01             116.665          -2.768e-01              78.418           3.448e+01     
  45.000           0.000           -3.125e-01          -3.046e+01             116.959          -3.167e-01              78.948           3.436e+01     
  46.000           0.000           -3.519e-01          -3.034e+01             117.244          -3.562e-01              79.482           3.425e+01     
  47.000           0.000           -3.907e-01          -3.023e+01             117.521          -3.952e-01              80.021           3.415e+01     
  48.000           0.000           -4.289e-01          -3.012e+01             117.792          -4.335e-01              80.563           3.406e+01     
  49.000           0.000           -4.664e-01          -3.003e+01             118.057          -4.712e-01              81.107           3.398e+01     
  50.000           0.000           -5.033e-01          -2.994e+01             118.316          -5.082e-01              81.653           3.392e+01     
  51.000           0.000           -5.393e-01          -2.987e+01             118.571          -5.444e-01              82.201           3.387e+01     
  52.000           0.000           -5.746e-01          -2.980e+01             118.821          -5.798e-01              82.749           3.383e+01     
  53.000           0.000           -6.090e-01          -2.974e+01             119.068          -6.143e-01              83.298           3.379e+01     
  54.000           0.000           -6.425e-01          -2.969e+01             119.312          -6.480e-01              83.845           3.377e+01     
  55.000           0.000           -6.751e-01          -2.964e+01             119.552          -6.806e-01              84.391           3.376e+01     
  56.000           0.000           -7.067e-01          -2.960e+01             119.790          -7.123e-01              84.935           3.376e+01     
  57.000           0.000           -7.373e-01          -2.957e+01             120.026          -7.430e-01              85.477           3.376e+01     
  58.000           0.000           -7.668e-01          -2.955e+01             120.260          -7.726e-01              86.014           3.378e+01     
  59.000           0.000           -7.953e-01          -2.953e+01             120.492          -8.011e-01              86.547           3.380e+01     
  60.000           0.000           -8.226e-01          -2.952e+01             120.724          -8.285e-01              87.076           3.383e+01     
  61.000           0.000           -8.488e-01          -2.952e+01             120.954          -8.547e-01              87.598           3.387e+01     
  62.000           0.000           -8.739e-01          -2.952e+01             121.184          -8.798e-01              88.114           3.391e+01     
  63.000           0.000           -8.978e-01          -2.953e+01             121.413          -9.038e-01              88.624           3.396e+01     
  64.000           0.000           -9.206e-01          -2.955e+01             121.642          -9.265e-01              89.125           3.402e+01     
  65.000           0.000           -9.422e-01          -2.957e+01             121.871          -9.481e-01              89.618           3.409e+01     
  66.000           0.000           -9.625e-01          -2.960e+01             122.101          -9.685e-01              90.101           3.416e+01     
  67.000           0.000           -9.817e-01          -2.964e+01             122.331          -9.876e-01              90.575           3.423e+01     
  68.000           0.000           -9.997e-01          -2.968e+01             122.562          -1.006e+00              91.039           3.431e+01     
  69.000           0.000           -1.016e+00          -2.972e+01             122.794          -1.022e+00              91.492           3.440e+01     
  70.000           0.000           -1.032e+00          -2.978e+01             123.028          -1.038e+00              91.933           3.449e+01     
  71.000           0.000           -1.046e+00          -2.984e+01             123.263          -1.052e+00              92.362           3.458e+01     
  72.000           0.000           -1.060e+00          -2.990e+01             123.500          -1.065e+00              92.778           3.468e+01     
  73.000           0.000           -1.072e+00          -2.997e+01             123.739          -1.077e+00              93.181           3.478e+01     
  74.000           0.000           -1.082e+00          -3.005e+01             123.980          -1.088e+00              93.570           3.488e+01     
  75.000           0.000           -1.092e+00          -3.013e+01             124.224          -1.097e+00              93.945           3.499e+01     
  76.000           0.000           -1.101e+00          -3.022e+01             124.471          -1.106e+00              94.306           3.510e+01     
  77.000           0.000           -1.108e+00          -3.032e+01             124.722          -1.113e+00              94.651           3.521e+01     
  78.000           0.000           -1.114e+00          -3.042e+01             124.975          -1.119e+00              94.981           3.533e+01     
  79.000           0.000           -1.119e+00          -3.052e+01             125.233          -1.124e+00              95.296           3.544e+01     
  80.000           0.000           -1.123e+00          -3.063e+01             125.495          -1.128e+00              95.594           3.556e+01     
  81.000           0.000           -1.126e+00          -3.075e+01             125.762          -1.130e+00              95.876           3.568e+01     
  82.000           0.000           -1.127e+00          -3.087e+01             126.034          -1.132e+00              96.141           3.580e+01     
  83.000           0.000           -1.128e+00          -3.100e+01             126.311          -1.132e+00              96.389           3.592e+01     
  84.000           0.000           -1.127e+00          -3.114e+01             126.594          -1.132e+00              96.620           3.604e+01     
  85.000           0.000           -1.126e+00          -3.128e+01             126.883          -1.130e+00              96.834           3.616e+01     
  86.000           0.000           -1.123e+00          -3.143e+01             127.179          -1.127e+00              97.030           3.629e+01     
  87.000           0.000           -1.119e+00          -3.158e+01             127.483          -1.123e+00              97.209           3.641e+01     
  88.000           0.000           -1.114e+00          -3.174e+01             127.794          -1.118e+00              97.370           3.653e+01     
  89.000           0.000           -1.108e+00          -3.190e+01             128.114          -1.112e+00              97.513           3.666e+01     
  90.000           0.000           -1.101e+00          -3.207e+01             128.442          -1.104e+00              97.638           3.678e+01     
  91.000           0.000           -1.093e+00          -3.225e+01             128.781          -1.096e+00              97.746           3.691e+01     
  92.000           0.000           -1.084e+00          -3.243e+01             129.131          -1.087e+00              97.836           3.704e+01     
  93.000           0.000           -1.073e+00          -3.262e+01             129.492          -1.076e+00              97.908           3.716e+01     
  94.000           0.000           -1.062e+00          -3.281e+01             129.866          -1.065e+00              97.963           3.729e+01     
  95.000           0.000           -1.049e+00          -3.301e+01             130.252          -1.052e+00              98.000           3.742e+01     
  96.000           0.000           -1.036e+00          -3.322e+01             130.653          -1.038e+00              98.020           3.755e+01     
  97.000           0.000           -1.021e+00          -3.343e+01             131.069          -1.024e+00              98.023           3.768e+01     
  98.000           0.000           -1.005e+00          -3.365e+01             131.502          -1.008e+00              98.009           3.781e+01     
  99.000           0.000           -9.884e-01          -3.387e+01             131.952          -9.907e-01              97.978           3.794e+01     
 100.000           0.000           -9.705e-01          -3.410e+01             132.421          -9.726e-01              97.930           3.807e+01     
 101.000           0.000           -9.514e-01          -3.434e+01             132.911          -9.534e-01              97.867           3.821e+01     
 102.000           0.000           -9.312e-01          -3.458e+01             133.422          -9.331e-01              97.788           3.835e+01     
 103.000           0.000           -9.099e-01          -3.483e+01             133.957          -9.116e-01              97.693           3.849e+01     
 104.000           0.000           -8.874e-01          -3.509e+01             134.518          -8.891e-01              97.583           3.863e+01     
 105.000           0.000           -8.639e-01          -3.535e+01             135.105          -8.654e-01              97.459           3.877e+01     
 106.000           0.000           -8.392e-01          -3.562e+01             135.722          -8.406e-01              97.320           3.891e+01     
 107.000           0.000           -8.133e-01          -3.589e+01             136.370          -8.147e-01              97.167           3.906e+01     
 108.000           0.000           -7.864e-01          -3.617e+01             137.052          -7.876e-01              97.001           3.921e+01     
 109.000           0.000           -7.583e-01          -3.645e+01             137.769          -7.595e-01              96.822           3.937e+01     
 110.000           0.000           -7.291e-01          -3.674e+01             138.525          -7.302e-01              96.631           3.952e+01     
 111.000           0.000           -6.987e-01          -3.704e+01             139.322          -6.997e-01              96.427           3.968e+01     
 112.000           0.000           -6.673e-01          -3.734e+01             140.163          -6.682e-01              96.213           3.984e+01     
 113.000           0.000           -6.347e-01          -3.764e+01             141.050          -6.356e-01              95.987           4.000e+01     
 114.000           0.000           -6.011e-01          -3.795e+01             141.987          -6.019e-01              95.751           4.000e+01     
 115.000           0.000           -5.663e-01          -3.826e+01             142.976          -5.671e-01              95.506           4.000e+01     
 116.000           0.000           -5.306e-01          -3.857e+01             144.020          -5.312e-01              95.251           4.000e+01     
 117.000           0.000           -4.937e-01          -3.888e+01             145.122          -4.943e-01              94.988           4.000e+01     
 118.000           0.000           -4.558e-01          -3.920e+01             146.285          -4.564e-01              94.717           4.000e+01     
 119.000           0.000           -4.170e-01          -3.952e+01             147.510          -4.175e-01              94.438           4.000e+01     
 120.000           0.000           -3.772e-01          -3.983e+01             148.801          -3.776e-01              94.153           4.000e+01     
 121.000           0.000           -3.364e-01          -4.015e+01             150.158          -3.368e-01              93.862           4.000e+01     
 122.000           0.000           -2.947e-01          -4.046e+01             151.582          -2.951e-01              93.565           4.000e+01     
 123.000           0.000           -2.521e-01          -4.076e+01             153.073          -2.525e-01              93.263           4.000e+01     
 124.000           0.000           -2.088e-01          -4.106e+01             154.631          -2.091e-01              92.957           4.000e+01     
 125.000           0.000           -1.646e-01          -4.136e+01             156.253          -1.649e-01              92.648           4.000e+01     
 126.000           0.000           -1.196e-01          -4.164e+01             157.936          -1.200e-01              92.335           4.000e+01     
 127.000           0.000           -7.402e-02          -4.191e+01             159.676          -7.431e-02              92.019           4.000e+01     
 128.000           0.000           -2.774e-02          -4.217e+01             161.464          -2.801e-02              91.702           4.000e+01     
 129.000           0.000            1.914e-02          -4.242e+01             163.295           1.889e-02              91.383           4.000e+01     
 130.000           0.000            6.656e-02          -4.265e+01             165.157           6.633e-02              91.063           4.000e+01     
 131.000           0.000            1.145e-01          -4.287e+01             167.040           1.143e-01              90.743           4.000e+01     
 132.000           0.000            1.628e-01          -4.306e+01             168.930           1.626e-01              90.423           4.000e+01     
 133.000           0.000            2.115e-01          -4.324e+01             170.814           2.113e-01              90.104           4.000e+01     
 134.000           0.000            2.605e-01          -4.339e+01             172.677           2.604e-01              89.786           4.000e+01     
 135.000           0.000            3.098e-01          -4.353e+01             174.505           3.096e-01              89.469           4.000e+01     
 136.000           0.000            3.592e-01          -4.365e+01             176.281           3.591e-01              89.155           4.000e+01     
 137.000           0.000            4.088e-01          -4.374e+01             177.991           4.086e-01              88.843           4.000e+01     
 138.000           0.000            4.584e-01          -4.382e+01             179.623           4.582e-01              88.534           4.000e+01     
 139.000           0.000            5.080e-01          -4.387e+01             181.161           5.078e-01              88.229           4.000e+01     
 140.000           0.000            5.574e-01          -4.391e+01             182.597           5.573e-01              87.927           4.000e+01     
 141.000           0.000            6.068e-01          -4.394e+01             183.921           6.066e-01              87.629           4.000e+01     
 142.000           0.000            6.559e-01          -4.394e+01             185.124           6.557e-01              87.336           4.000e+01     
 143.000           0.000            7.047e-01          -4.393e+01             186.202           7.045e-01              87.047           4.000e+01     
 144.000           0.000            7.531e-01          -4.391e+01             187.150           7.530e-01              86.764           4.000e+01     
 145.000           0.000            8.011e-01          -4.387e+01             187.966           8.010e-01              86.486           4.000e+01     
 146.000           0.000            8.486e-01          -4.383e+01             188.649           8.485e-01              86.214           4.000e+01     
 147.000           0.000            8.955e-01          -4.377e+01             189.200           8.954e-01              85.947           4.000e+01     
 148.000           0.000            9.418e-01          -4.370e+01             189.621           9.417e-01              85.687           4.000e+01     
 149.000           0.000            9.874e-01          -4.363e+01             189.916           9.873e-01              85.433           4.000e+01     
 150.000           0.000            1.032e+00          -4.355e+01             190.088           1.032e+00              85.186           4.000e+01     
 151.000           0.000            1.076e+00          -4.346e+01             190.142           1.076e+00              84.945           4.000e+01     
 152.000           0.000            1.119e+00          -4.336e+01             190.083           1.119e+00              84.712           4.000e+01     
 153.000           0.000            1.161e+00          -4.326e+01             189.919           1.161e+00              84.485           4.000e+01     
 154.000           0.000            1.203e+00          -4.315e+01             189.654           1.202e+00              84.266           4.000e+01     
 155.000           0.000            1.243e+00          -4.303e+01             189.296           1.243e+00              84.054           4.000e+01     
 156.000           0.000            1.282e+00          -4.291e+01             188.852           1.281e+00              83.850           4.000e+01     
 157.000           0.000            1.319e+00          -4.278e+01             188.330           1.319e+00              83.654           4.000e+01     
 158.000           0.000            1.356e+00          -4.265e+01             187.735           1.356e+00              83.465           4.000e+01     
 159.000           0.000            1.391e+00          -4.252e+01             187.077           1.391e+00              83.284           4.000e+01     
 160.000           0.000            1.425e+00          -4.238e+01             186.362           1.425e+00              83.111           4.000e+01     
 161.000           0.000            1.458e+00          -4.223e+01             185.597           1.457e+00              82.946           4.000e+01     
 162.000           0.000            1.489e+00          -4.209e+01             184.789           1.489e+00              82.789           4.000e+01     
 163.000           0.000            1.518e+00          -4.194e+01             183.945           1.518e+00              82.641           4.000e+01     
 164.000           0.000            1.547e+00          -4.178e+01             183.071           1.546e+00              82.500           4.000e+01     
 165.000           0.000            1.573e+00          -4.162e+01             182.174           1.573e+00              82.368           4.000e+01     
 166.000           0.000            1.598e+00          -4.146e+01             181.259           1.598e+00              82.244           4.000e+01     
 167.000           0.000            1.622e+00          -4.130e+01             180.331           1.622e+00              82.129           4.000e+01     
 168.000           0.000            1.644e+00          -4.114e+01             179.396           1.643e+00              82.021           4.000e+01     
 169.000           0.000            1.664e+00          -4.097e+01             178.458           1.663e+00              81.923           4.000e+01     
 170.000           0.000            1.682e+00          -4.081e+01             177.522           1.682e+00              81.833           4.000e+01     
 171.000           0.000            1.699e+00          -4.064e+01             176.590           1.699e+00              81.751           4.000e+01     
 172.000           0.000            1.714e+00          -4.047e+01             175.666           1.714e+00              81.677           4.000e+01     
 173.000           0.000            1.727e+00          -4.031e+01             174.754           1.727e+00              81.613           4.000e+01     
 174.000           0.000            1.738e+00          -4.014e+01             173.856           1.738e+00              81.556           4.000e+01     
 175.000           0.000            1.748e+00          -3.998e+01             172.973           1.748e+00              81.509           4.000e+01     
 176.000           0.000            1.756e+00          -3.982e+01             172.108           1.756e+00              81.469           4.000e+01     
 177.000           0.000            1.762e+00          -3.967e+01             171.262           1.762e+00              81.439           4.000e+01     
 178.000           0.000            1.766e+00          -3.951e+01             170.437           1.766e+00              81.417           4.000e+01     
 179.000           0.000            1.768e+00          -3.936e+01             169.633           1.768e+00              81.403           4.000e+01     
 180.000           0.000            1.769e+00          -3.921e+01             168.848           1.769e+00              81.398           4.000e+01     
 179.000         180.000            1.767e+00          -3.907e+01             348.090           1.767e+00             261.402           4.000e+01     
 178.000         180.000            1.764e+00          -3.893e+01             347.354           1.764e+00             261.414           4.000e+01     
 177.000         180.000            1.759e+00          -3.879e+01             346.643           1.759e+00             261.435           4.000e+01     
 176.000         180.000            1.752e+00          -3.867e+01             345.955           1.752e+00             261.464           4.000e+01     
 175.000         180.000            1.744e+00          -3.854e+01             345.290           1.743e+00             261.502           4.000e+01     
 174.000         180.000            1.733e+00          -3.843e+01             344.650           1.733e+00             261.548           4.000e+01     
 173.000         180.000            1.721e+00          -3.832e+01             344.032           1.721e+00             261.603           4.000e+01     
 172.000         180.000            1.707e+00          -3.821e+01             343.438           1.706e+00             261.667           4.000e+01     
 171.000         180.000            1.691e+00          -3.811e+01             342.867           1.691e+00             261.739           3.991e+01     
 170.000         180.000            1.673e+00          -3.802e+01             342.319           1.673e+00             261.819           3.982e+01     
 169.000         180.000            1.654e+00          -3.794e+01             341.793           1.654e+00             261.908           3.973e+01     
 168.000         180.000            1.633e+00          -3.787e+01             341.289           1.633e+00             262.006           3.965e+01     
 167.000         180.000            1.610e+00          -3.780e+01             340.807           1.610e+00             262.112           3.958e+01     
 166.000         180.000            1.586e+00          -3.774e+01             340.347           1.586e+00             262.226           3.951e+01     
 165.000         180.000            1.560e+00          -3.769e+01             339.908           1.560e+00             262.349           3.945e+01     
 164.000         180.000            1.533e+00          -3.764e+01             339.490           1.532e+00             262.480           3.940e+01     
 163.000         180.000            1.503e+00          -3.761e+01             339.093           1.503e+00             262.619           3.936e+01     
 162.000         180.000            1.473e+00          -3.758e+01             338.717           1.472e+00             262.766           3.932e+01     
 161.000         180.000            1.441e+00          -3.757e+01             338.362           1.440e+00             262.922           3.929e+01     
 160.000         180.000            1.407e+00          -3.756e+01             338.027           1.407e+00             263.086           3.927e+01     
 159.000         180.000            1.372e+00          -3.756e+01             337.713           1.372e+00             263.258           3.926e+01     
 158.000         180.000            1.336e+00          -3.758e+01             337.420           1.336e+00             263.438           3.926e+01     
 157.000         180.000            1.299e+00          -3.760e+01             337.148           1.298e+00             263.625           3.926e+01     
 156.000         180.000            1.260e+00          -3.764e+01             336.897           1.259e+00             263.821           3.928e+01     
 155.000         180.000            1.220e+00          -3.768e+01             336.668           1.219e+00             264.024           3.931e+01     
 154.000         180.000            1.179e+00          -3.774e+01             336.461           1.178e+00             264.235           3.934e+01     
 153.000         180.000            1.137e+00          -3.781e+01             336.277           1.136e+00             264.453           3.939e+01     
 152.000         180.000            1.094e+00          -3.789e+01             336.117           1.093e+00             264.679           3.945e+01     
 151.000         180.000            1.050e+00          -3.799e+01             335.981           1.049e+00             264.912           3.952e+01     
 150.000         180.000            1.004e+00          -3.810e+01             335.872           1.004e+00             265.152           3.960e+01     
 149.000         180.000            9.586e-01          -3.822e+01             335.790           9.581e-01             265.398           3.970e+01     
 148.000         180.000            9.120e-01          -3.836e+01             335.737           9.115e-01             265.652           3.981e+01     
 147.000         180.000            8.646e-01          -3.851e+01             335.715           8.641e-01             265.911           3.993e+01     
 146.000         180.000            8.166e-01          -3.868e+01             335.727           8.161e-01             266.177           4.000e+01     
 145.000         180.000            7.680e-01          -3.887e+01             335.776           7.676e-01             266.449           4.000e+01     
 144.000         180.000            7.190e-01          -3.908e+01             335.866           7.185e-01             266.727           4.000e+01     
 143.000         180.000            6.694e-01          -3.931e+01             336.000           6.690e-01             267.010           4.000e+01     
 142.000         180.000            6.195e-01          -3.956e+01             336.184           6.191e-01             267.298           4.000e+01     
 141.000         180.000            5.693e-01          -3.983e+01             336.423           5.689e-01             267.591           4.000e+01     
 140.000         180.000            5.189e-01          -4.012e+01             336.727           5.185e-01             267.889           4.000e+01     
 139.000         180.000            4.683e-01          -4.045e+01             337.103           4.679e-01             268.191           4.000e+01     
 138.000         180.000            4.176e-01          -4.080e+01             337.564           4.172e-01             268.497           4.000e+01     
 137.000         180.000            3.668e-01          -4.118e+01             338.124           3.665e-01             268.806           4.000e+01     
 136.000         180.000            3.162e-01          -4.160e+01             338.801           3.159e-01             269.118           4.000e+01     
 135.000         180.000            2.656e-01          -4.206e+01             339.618           2.653e-01             269.433           4.000e+01     
 134.000         180.000            2.152e-01          -4.256e+01             340.605           2.150e-01             269.749           4.000e+01     
 133.000         180.000            1.651e-01          -4.311e+01             341.800           1.649e-01             270.068           4.000e+01     
 132.000         180.000            1.152e-01          -4.371e+01             343.255           1.150e-01             270.388           4.000e+01     
 131.000         180.000            6.576e-02          -4.437e+01             345.039           6.560e-02             270.709           4.000e+01     
 130.000         180.000            1.673e-02          -4.510e+01             347.248           1.659e-02             271.030           4.000e+01     
 129.000         180.000           -3.181e-02          -4.590e+01             350.013          -3.192e-02             271.350           4.000e+01     
 128.000         180.000           -7.980e-02          -4.677e+01             353.520          -7.989e-02             271.670           4.000e+01     
 127.000         180.000           -1.272e-01          -4.772e+01             358.029          -1.272e-01             271.989           4.000e+01     
 126.000         180.000           -1.739e-01          -4.874e+01               3.900          -1.740e-01             272.305           4.000e+01     
 125.000         180.000           -2.199e-01          -4.977e+01              11.595          -2.199e-01             272.619           4.000e+01     
 124.000         180.000           -2.651e-01          -5.073e+01              21.593          -2.652e-01             272.930           4.000e+01     
 123.000         180.000           -3.096e-01          -5.144e+01              34.089          -3.096e-01             273.238           4.000e+01     
 122.000         180.000           -3.532e-01          -5.171e+01              48.452          -3.532e-01             273.541           4.000e+01     
 121.000         180.000           -3.959e-01          -5.139e+01              63.045          -3.959e-01             273.839           4.000e+01     
 120.000         180.000           -4.376e-01          -5.058e+01              76.080          -4.377e-01             274.132           4.000e+01     
 119.000         180.000           -4.785e-01          -4.948e+01              86.676          -4.785e-01             274.419           4.000e+01     
 118.000         180.000           -5.183e-01          -4.827e+01              94.887          -5.183e-01             274.699           4.000e+01     
 117.000         180.000           -5.571e-01          -4.706e+01             101.162          -5.572e-01             274.972           4.000e+01     
 116.000         180.000           -5.948e-01          -4.591e+01             105.983          -5.949e-01             275.236           4.000e+01     
 115.000         180.000           -6.315e-01          -4.484e+01             109.732          -6.317e-01             275.493           4.000e+01     
 114.000         180.000           -6.671e-01          -4.384e+01             112.693          -6.673e-01             275.740           4.000e+01     
 113.000         180.000           -7.016e-01          -4.291e+01             115.065          -7.018e-01             275.978           4.000e+01     
 112.000         180.000           -7.349e-01          -4.205e+01             116.992          -7.352e-01             276.205           4.000e+01     
 111.000         180.000           -7.671e-01          -4.125e+01             118.577          -7.675e-01             276.421           4.000e+01     
 110.000         180.000           -7.982e-01          -4.051e+01             119.893          -7.987e-01             276.626           4.000e+01     
 109.000         180.000           -8.281e-01          -3.981e+01             120.997          -8.287e-01             276.819           4.000e+01     
 108.000         180.000           -8.569e-01          -3.916e+01             121.929          -8.575e-01             277.000           4.000e+01     
 107.000         180.000           -8.845e-01          -3.854e+01             122.722          -8.852e-01             277.168           4.000e+01     
 106.000         180.000           -9.109e-01          -3.796e+01             123.399          -9.118e-01             277.322           4.000e+01     
 105.000         180.000           -9.362e-01          -3.741e+01             123.981          -9.372e-01             277.463           4.000e+01     
 104.000         180.000           -9.603e-01          -3.689e+01             124.482          -9.614e-01             277.589           4.000e+01     
 103.000         180.000           -9.832e-01          -3.640e+01             124.915          -9.845e-01             277.700           4.000e+01     
 102.000         180.000           -1.005e+00          -3.593e+01             125.290          -1.006e+00             277.796           4.000e+01     
 101.000         180.000           -1.026e+00          -3.548e+01             125.616          -1.027e+00             277.876           4.000e+01     
 100.000         180.000           -1.045e+00          -3.506e+01             125.898          -1.047e+00             277.941           4.000e+01     
  99.000         180.000           -1.063e+00          -3.465e+01             126.142          -1.065e+00             277.989           4.000e+01     
  98.000         180.000           -1.081e+00          -3.426e+01             126.354          -1.083e+00             278.021           3.965e+01     
  97.000         180.000           -1.097e+00          -3.389e+01             126.537          -1.099e+00             278.036           3.922e+01     
  96.000         180.000           -1.111e+00          -3.353e+01             126.694          -1.114e+00             278.034           3.880e+01     
  95.000         180.000           -1.125e+00          -3.319e+01             126.830          -1.128e+00             278.015           3.840e+01     
  94.000         180.000           -1.138e+00          -3.286e+01             126.945          -1.141e+00             277.978           3.802e+01     
  93.000         180.000           -1.149e+00          -3.254e+01             127.043          -1.152e+00             277.924           3.765e+01     
  92.000         180.000           -1.160e+00          -3.224e+01             127.125          -1.163e+00             277.852           3.729e+01     
  91.000         180.000           -1.169e+00          -3.195e+01             127.193          -1.173e+00             277.762           3.695e+01     
  90.000         180.000           -1.177e+00          -3.167e+01             127.249          -1.181e+00             277.655           3.662e+01     
  89.000         180.000           -1.184e+00          -3.140e+01             127.293          -1.188e+00             277.529           3.630e+01     
  88.000         180.000           -1.190e+00          -3.114e+01             127.327          -1.194e+00             277.386           3.598e+01     
  87.000         180.000           -1.195e+00          -3.089e+01             127.352          -1.199e+00             277.225           3.568e+01     
  86.000         180.000           -1.198e+00          -3.065e+01             127.369          -1.203e+00             277.046           3.539e+01     
  85.000         180.000           -1.201e+00          -3.042e+01             127.378          -1.206e+00             276.849           3.510e+01     
  84.000         180.000           -1.202e+00          -3.019e+01             127.381          -1.208e+00             276.634           3.482e+01     
  83.000         180.000           -1.203e+00          -2.998e+01             127.377          -1.208e+00             276.403           3.455e+01     
  82.000         180.000           -1.202e+00          -2.977e+01             127.369          -1.208e+00             276.153           3.428e+01     
  81.000         180.000           -1.200e+00          -2.958e+01             127.355          -1.206e+00             275.887           3.403e+01     
  80.000         180.000           -1.196e+00          -2.939e+01             127.337          -1.203e+00             275.604           3.377e+01     
  79.000         180.000           -1.192e+00          -2.920e+01             127.315          -1.199e+00             275.305           3.353e+01     
  78.000         180.000           -1.187e+00          -2.903e+01             127.290          -1.194e+00             274.989           3.329e+01     
  77.000         180.000           -1.180e+00          -2.886e+01             127.262          -1.187e+00             274.658           3.305e+01     
  76.000         180.000           -1.172e+00          -2.870e+01             127.231          -1.180e+00             274.311           3.283e+01     
  75.000         180.000           -1.163e+00          -2.854e+01             127.198          -1.171e+00             273.948           3.260e+01     
  74.000         180.000           -1.153e+00          -2.840e+01             127.162          -1.161e+00             273.572           3.239e+01     
  73.000         180.000           -1.141e+00          -2.826e+01             127.125          -1.149e+00             273.181           3.218e+01     
  72.000         180.000           -1.128e+00          -2.812e+01             127.087          -1.137e+00             272.776           3.197e+01     
  71.000         180.000           -1.114e+00          -2.799e+01             127.047          -1.123e+00             272.358           3.178e+01     
  70.000         180.000           -1.099e+00          -2.787e+01             127.006          -1.108e+00             271.927           3.158e+01     
  69.000         180.000           -1.083e+00          -2.775e+01             126.965          -1.092e+00             271.484           3.140e+01     
  68.000         180.000           -1.065e+00          -2.764e+01             126.923          -1.075e+00             271.029           3.122e+01     
  67.000         180.000           -1.046e+00          -2.754e+01             126.880          -1.056e+00             270.564           3.104e+01     
  66.000         180.000           -1.026e+00          -2.744e+01             126.838          -1.036e+00             270.088           3.088e+01     
  65.000         180.000           -1.005e+00          -2.735e+01             126.796          -1.015e+00             269.602           3.072e+01     
  64.000         180.000           -9.822e-01          -2.726e+01             126.753          -9.925e-01             269.107           3.056e+01     
  63.000         180.000           -9.585e-01          -2.718e+01             126.712          -9.689e-01             268.604           3.041e+01     
  62.000         180.000           -9.336e-01          -2.710e+01             126.671          -9.441e-01             268.093           3.027e+01     
  61.000         180.000           -9.074e-01          -2.703e+01             126.630          -9.181e-01             267.575           3.014e+01     
  60.000         180.000           -8.802e-01          -2.697e+01             126.591          -8.909e-01             267.050           3.001e+01     
  59.000         180.000           -8.517e-01          -2.691e+01             126.553          -8.625e-01             266.520           2.989e+01     
  58.000         180.000           -8.222e-01          -2.685e+01             126.516          -8.331e-01             265.985           2.978e+01     
  57.000         180.000           -7.916e-01          -2.680e+01             126.480          -8.025e-01             265.446           2.967e+01     
  56.000         180.000           -7.599e-01          -2.676e+01             126.446          -7.708e-01             264.903           2.957e+01     
  55.000         180.000           -7.272e-01          -2.672e+01             126.414          -7.381e-01             264.357           2.948e+01     
  54.000         180.000           -6.935e-01          -2.669e+01             126.384          -7.044e-01             263.810           2.939e+01     
  53.000         180.000           -6.588e-01          -2.667e+01             126.355          -6.697e-01             263.261           2.932e+01     
  52.000         180.000           -6.233e-01          -2.665e+01             126.329          -6.341e-01             262.711           2.925e+01     
  51.000         180.000           -5.868e-01          -2.663e+01             126.305          -5.976e-01             262.161           2.919e+01     
  50.000         180.000           -5.496e-01          -2.662e+01             126.284          -5.603e-01             261.612           2.913e+01     
  49.000         180.000           -5.116e-01          -2.662e+01             126.266          -5.223e-01             261.065           2.909e+01     
  48.000         180.000           -4.729e-01          -2.662e+01             126.250          -4.834e-01             260.520           2.905e+01     
  47.000         180.000           -4.335e-01          -2.663e+01             126.237          -4.440e-01             259.977           2.902e+01     
  46.000         180.000           -3.936e-01          -2.664e+01             126.228          -4.039e-01             259.438           2.900e+01     
  45.000         180.000           -3.531e-01          -2.666e+01             126.222          -3.633e-01             258.903           2.898e+01     
  44.000         180.000           -3.121e-01          -2.669e+01             126.219          -3.222e-01             258.372           2.898e+01     
  43.000         180.000           -2.708e-01          -2.672e+01             126.220          -2.806e-01             257.847           2.898e+01     
  42.000         180.000           -2.291e-01          -2.676e+01             126.226          -2.388e-01             257.327           2.899e+01     
  41.000         180.000           -1.871e-01          -2.680e+01             126.235          -1.966e-01             256.814           2.900e+01     
  40.000         180.000           -1.450e-01          -2.685e+01             126.249          -1.543e-01             256.308           2.903e+01     
  39.000         180.000           -1.027e-01          -2.691e+01             126.267          -1.118e-01             255.809           2.906e+01     
  38.000         180.000           -6.034e-02          -2.697e+01             126.291          -6.919e-02             255.318           2.910e+01     
  37.000         180.000           -1.801e-02          -2.704e+01             126.319          -2.663e-02             254.835           2.915e+01     
  36.000         180.000            2.424e-02          -2.712e+01             126.353           1.585e-02             254.361           2.921e+01     
  35.000         180.000            6.633e-02          -2.720e+01             126.393           5.818e-02             253.897           2.928e+01     
  34.000         180.000            1.082e-01          -2.729e+01             126.439           1.003e-01             253.442           2.935e+01     
  33.000         180.000            1.497e-01          -2.739e+01             126.491           1.421e-01             252.996           2.944e+01     
  32.000         180.000            1.909e-01          -2.750e+01             126.550           1.835e-01             252.562           2.953e+01     
  31.000         180.000            2.317e-01          -2.761e+01             126.616           2.245e-01             252.138           2.963e+01     
  30.000         180.000            2.719e-01          -2.773e+01             126.690           2.650e-01             251.725           2.974e+01     
  29.000         180.000            3.116e-01          -2.786e+01             126.772           3.049e-01             251.323           2.985e+01     
  28.000         180.000            3.506e-01          -2.800e+01             126.863           3.442e-01             250.933           2.998e+01     
  27.000         180.000            3.888e-01          -2.814e+01             126.963           3.827e-01             250.554           3.012e+01     
  26.000         180.000            4.263e-01          -2.830e+01             127.073           4.205e-01             250.188           3.026e+01     
  25.000         180.000            4.630e-01          -2.846e+01             127.194           4.574e-01             249.834           3.041e+01     
  24.000         180.000            4.988e-01          -2.863e+01             127.326           4.934e-01             249.493           3.058e+01     
  23.000         180.000            5.335e-01          -2.882e+01             127.470           5.285e-01             249.164           3.075e+01     
  22.000         180.000            5.673e-01          -2.901e+01             127.627           5.625e-01             248.849           3.093e+01     
  21.000         180.000            6.000e-01          -2.921e+01             127.799           5.954e-01             248.546           3.113e+01     
  20.000         180.000            6.315e-01          -2.943e+01             127.986           6.272e-01             248.257           3.133e+01     
  19.000         180.000            6.619e-01          -2.966e+01             128.190           6.579e-01             247.981           3.155e+01     
  18.000         180.000            6.910e-01          -2.990e+01             128.412           6.872e-01             247.719           3.177e+01     
  17.000         180.000            7.189e-01          -3.015e+01             128.654           7.153e-01             247.470           3.201e+01     
  16.000         180.000            7.454e-01          -3.041e+01             128.919           7.421e-01             247.235           3.226e+01     
  15.000         180.000            7.705e-01          -3.069e+01             129.208           7.674e-01             247.014           3.253e+01     
  14.000         180.000            7.943e-01          -3.099e+01             129.524           7.914e-01             246.807           3.281e+01     
  13.000         180.000            8.166e-01          -3.130e+01             129.871           8.139e-01             246.614           3.310e+01     
  12.000         180.000            8.374e-01          -3.163e+01             130.251           8.349e-01             246.435           3.341e+01     
  11.000         180.000            8.567e-01          -3.198e+01             130.669           8.544e-01             246.270           3.373e+01     
  10.000         180.000            8.744e-01          -3.234e+01             131.131           8.724e-01             246.119           3.407e+01     
   9.000         180.000            8.906e-01          -3.273e+01             131.642           8.887e-01             245.983           3.443e+01     
   8.000         180.000            9.052e-01          -3.314e+01             132.209           9.035e-01             245.861           3.481e+01     
   7.000         180.000            9.181e-01          -3.358e+01             132.841           9.166e-01             245.753           3.521e+01     
   6.000         180.000            9.295e-01          -3.405e+01             133.550           9.281e-01             245.660           3.564e+01     
   5.000         180.000            9.391e-01          -3.454e+01             134.347           9.379e-01             245.581           3.609e+01     
   4.000         180.000            9.471e-01          -3.507e+01             135.251           9.460e-01             245.517           3.657e+01     
   3.000         180.000            9.534e-01          -3.563e+01             136.281           9.525e-01             245.467           3.708e+01     
   2.000         180.000            9.580e-01          -3.623e+01             137.464           9.572e-01             245.431           3.762e+01     
   1.000         180.000            9.610e-01          -3.688e+01             138.835           9.602e-01             245.410           3.821e+01     
