Theta[deg.]      Phi[deg.]        Abs(Gain)[dBi]      Abs(Theta)[dBi]     Phase(Theta)[deg.]  Abs(Phi)[dBi]       Phase(Phi)[deg.]    Ax.Ratio[dB]    
   0.000          90.000            9.622e-01           9.616e-01              65.404          -3.758e+01             140.440           3.884e+01     
   1.000          90.000            1.127e+00           1.126e+00              65.837          -3.762e+01             140.757           3.905e+01     
   2.000          90.000            1.285e+00           1.284e+00              66.260          -3.767e+01             141.088           3.926e+01     
   3.000          90.000            1.436e+00           1.436e+00              66.675          -3.772e+01             141.431           3.947e+01     
   4.000          90.000            1.581e+00           1.581e+00              67.081          -3.777e+01             141.787           3.966e+01     
   5.000          90.000            1.720e+00           1.719e+00              67.479          -3.782e+01             142.155           3.985e+01     
   6.000          90.000            1.852e+00           1.852e+00              67.870          -3.787e+01             142.535           4.000e+01     
   7.000          90.000            1.978e+00           1.978e+00              68.253          -3.793e+01             142.927           4.000e+01     
   8.000          90.000            2.098e+00           2.097e+00              68.631          -3.799e+01             143.330           4.000e+01     
   9.000          90.000            2.211e+00           2.211e+00              69.001          -3.804e+01             143.745           4.000e+01     
  10.000          90.000            2.318e+00           2.318e+00              69.366          -3.810e+01             144.170           4.000e+01     
  11.000          90.000            2.420e+00           2.419e+00              69.725          -3.817e+01             144.607           4.000e+01     
  12.000          90.000            2.515e+00           2.514e+00              70.079          -3.823e+01             145.055           4.000e+01     
  13.000          90.000            2.603e+00           2.603e+00              70.428          -3.829e+01             145.513           4.000e+01     
  14.000          90.000            2.686e+00           2.686e+00              70.771          -3.836e+01             145.982           4.000e+01     
  15.000          90.000            2.763e+00           2.763e+00              71.110          -3.842e+01             146.460           4.000e+01     
  16.000          90.000            2.834e+00           2.834e+00              71.444          -3.849e+01             146.949           4.000e+01     
  17.000          90.000            2.899e+00           2.899e+00              71.774          -3.856e+01             147.447           4.000e+01     
  18.000          90.000            2.958e+00           2.957e+00              72.100          -3.863e+01             147.954           4.000e+01     
  19.000          90.000            3.011e+00           3.010e+00              72.421          -3.870e+01             148.470           4.000e+01     
  20.000          90.000            3.058e+00           3.058e+00              72.739          -3.877e+01             148.995           4.000e+01     
  21.000          90.000            3.099e+00           3.099e+00              73.053          -3.884e+01             149.528           4.000e+01     
  22.000          90.000            3.134e+00           3.134e+00              73.364          -3.892e+01             150.069           4.000e+01     
  23.000          90.000            3.164e+00           3.163e+00              73.671          -3.899e+01             150.619           4.000e+01     
  24.000          90.000            3.187e+00           3.187e+00              73.974          -3.906e+01             151.175           4.000e+01     
  25.000          90.000            3.205e+00           3.205e+00              74.275          -3.914e+01             151.739           4.000e+01     
  26.000          90.000            3.217e+00           3.216e+00              74.572          -3.921e+01             152.309           4.000e+01     
  27.000          90.000            3.223e+00           3.222e+00              74.866          -3.929e+01             152.886           4.000e+01     
  28.000          90.000            3.223e+00           3.222e+00              75.156          -3.936e+01             153.469           4.000e+01     
  29.000          90.000            3.217e+00           3.217e+00              75.444          -3.944e+01             154.057           4.000e+01     
  30.000          90.000            3.205e+00           3.205e+00              75.729          -3.951e+01             154.650           4.000e+01     
  31.000          90.000            3.188e+00           3.187e+00              76.011          -3.959e+01             155.249           4.000e+01     
  32.000          90.000            3.164e+00           3.164e+00              76.291          -3.967e+01             155.852           4.000e+01     
  33.000          90.000            3.134e+00           3.134e+00              76.567          -3.974e+01             156.459           4.000e+01     
  34.000          90.000            3.099e+00           3.099e+00              76.841          -3.982e+01             157.069           4.000e+01     
  35.000          90.000            3.057e+00           3.057e+00              77.111          -3.989e+01             157.683           4.000e+01     
  36.000          90.000            3.010e+00           3.009e+00              77.379          -3.997e+01             158.299           4.000e+01     
  37.000          90.000            2.956e+00           2.956e+00              77.645          -4.004e+01             158.918           4.000e+01     
  38.000          90.000            2.896e+00           2.896e+00              77.907          -4.012e+01             159.539           4.000e+01     
  39.000          90.000            2.830e+00           2.830e+00              78.167          -4.019e+01             160.162           4.000e+01     
  40.000          90.000            2.757e+00           2.757e+00              78.424          -4.026e+01             160.785           4.000e+01     
  41.000          90.000            2.678e+00           2.678e+00              78.678          -4.033e+01             161.409           4.000e+01     
  42.000          90.000            2.593e+00           2.593e+00              78.929          -4.041e+01             162.034           4.000e+01     
  43.000          90.000            2.501e+00           2.501e+00              79.178          -4.048e+01             162.658           4.000e+01     
  44.000          90.000            2.403e+00           2.402e+00              79.423          -4.055e+01             163.282           4.000e+01     
  45.000          90.000            2.297e+00           2.297e+00              79.666          -4.062e+01             163.905           4.000e+01     
  46.000          90.000            2.185e+00           2.185e+00              79.905          -4.069e+01             164.527           4.000e+01     
  47.000          90.000            2.066e+00           2.065e+00              80.142          -4.075e+01             165.147           4.000e+01     
  48.000          90.000            1.939e+00           1.939e+00              80.375          -4.082e+01             165.764           4.000e+01     
  49.000          90.000            1.805e+00           1.805e+00              80.605          -4.089e+01             166.380           4.000e+01     
  50.000          90.000            1.664e+00           1.663e+00              80.832          -4.095e+01             166.992           4.000e+01     
  51.000          90.000            1.514e+00           1.514e+00              81.055          -4.102e+01             167.602           4.000e+01     
  52.000          90.000            1.357e+00           1.357e+00              81.275          -4.108e+01             168.208           4.000e+01     
  53.000          90.000            1.191e+00           1.191e+00              81.492          -4.114e+01             168.810           4.000e+01     
  54.000          90.000            1.017e+00           1.017e+00              81.704          -4.120e+01             169.408           4.000e+01     
  55.000          90.000            8.344e-01           8.341e-01              81.913          -4.126e+01             170.001           4.000e+01     
  56.000          90.000            6.423e-01           6.420e-01              82.118          -4.132e+01             170.590           4.000e+01     
  57.000          90.000            4.407e-01           4.405e-01              82.318          -4.138e+01             171.174           4.000e+01     
  58.000          90.000            2.292e-01           2.289e-01              82.514          -4.144e+01             171.753           4.000e+01     
  59.000          90.000            7.340e-03           7.032e-03              82.706          -4.149e+01             172.326           4.000e+01     
  60.000          90.000           -2.254e-01          -2.257e-01              82.893          -4.155e+01             172.893           4.000e+01     
  61.000          90.000           -4.696e-01          -4.699e-01              83.074          -4.160e+01             173.455           4.000e+01     
  62.000          90.000           -7.258e-01          -7.262e-01              83.251          -4.165e+01             174.010           4.000e+01     
  63.000          90.000           -9.948e-01          -9.951e-01              83.421          -4.170e+01             174.559           4.000e+01     
  64.000          90.000           -1.277e+00          -1.278e+00              83.585          -4.175e+01             175.102           4.000e+01     
  65.000          90.000           -1.574e+00          -1.574e+00              83.743          -4.180e+01             175.638           4.000e+01     
  66.000          90.000           -1.886e+00          -1.887e+00              83.894          -4.185e+01             176.167           3.997e+01     
  67.000          90.000           -2.215e+00          -2.215e+00              84.037          -4.190e+01             176.689           3.969e+01     
  68.000          90.000           -2.561e+00          -2.561e+00              84.172          -4.194e+01             177.204           3.939e+01     
  69.000          90.000           -2.926e+00          -2.927e+00              84.298          -4.199e+01             177.712           3.908e+01     
  70.000          90.000           -3.312e+00          -3.313e+00              84.414          -4.203e+01             178.212           3.874e+01     
  71.000          90.000           -3.721e+00          -3.722e+00              84.519          -4.207e+01             178.705           3.837e+01     
  72.000          90.000           -4.154e+00          -4.155e+00              84.611          -4.211e+01             179.190           3.799e+01     
  73.000          90.000           -4.615e+00          -4.616e+00              84.689          -4.215e+01             179.668           3.757e+01     
  74.000          90.000           -5.107e+00          -5.108e+00              84.751          -4.219e+01             180.138           3.712e+01     
  75.000          90.000           -5.632e+00          -5.633e+00              84.794          -4.223e+01             180.600           3.664e+01     
  76.000          90.000           -6.196e+00          -6.197e+00              84.815          -4.227e+01             181.054           3.612e+01     
  77.000          90.000           -6.803e+00          -6.805e+00              84.810          -4.230e+01             181.501           3.556e+01     
  78.000          90.000           -7.461e+00          -7.463e+00              84.772          -4.234e+01             181.939           3.494e+01     
  79.000          90.000           -8.177e+00          -8.179e+00              84.696          -4.237e+01             182.368           3.427e+01     
  80.000          90.000           -8.963e+00          -8.965e+00              84.569          -4.240e+01             182.790           3.353e+01     
  81.000          90.000           -9.830e+00          -9.833e+00              84.377          -4.243e+01             183.203           3.271e+01     
  82.000          90.000           -1.080e+01          -1.080e+01              84.098          -4.247e+01             183.608           3.178e+01     
  83.000          90.000           -1.189e+01          -1.190e+01              83.698          -4.249e+01             184.004           3.074e+01     
  84.000          90.000           -1.315e+01          -1.315e+01              83.121          -4.252e+01             184.391           2.954e+01     
  85.000          90.000           -1.462e+01          -1.463e+01              82.272          -4.255e+01             184.770           2.813e+01     
  86.000          90.000           -1.639e+01          -1.640e+01              80.966          -4.257e+01             185.140           2.644e+01     
  87.000          90.000           -1.862e+01          -1.863e+01              78.806          -4.260e+01             185.500           2.434e+01     
  88.000          90.000           -2.158e+01          -2.161e+01              74.748          -4.262e+01             185.852           2.162e+01     
  89.000          90.000           -2.591e+01          -2.601e+01              65.037          -4.265e+01             186.194           1.804e+01     
  90.000          90.000           -3.229e+01          -3.271e+01              27.339          -4.267e+01             186.527           1.969e+01     
  91.000          90.000           -2.981e+01          -3.004e+01             309.834          -4.269e+01             186.850           1.431e+01     
  92.000          90.000           -2.406e+01          -2.412e+01             288.624          -4.271e+01             187.164           1.876e+01     
  93.000          90.000           -2.035e+01          -2.037e+01             281.877          -4.272e+01             187.467           2.238e+01     
  94.000          90.000           -1.771e+01          -1.772e+01             278.709          -4.274e+01             187.761           2.502e+01     
  95.000          90.000           -1.567e+01          -1.568e+01             276.906          -4.275e+01             188.044           2.708e+01     
  96.000          90.000           -1.402e+01          -1.403e+01             275.760          -4.277e+01             188.317           2.875e+01     
  97.000          90.000           -1.263e+01          -1.264e+01             274.978          -4.278e+01             188.579           3.016e+01     
  98.000          90.000           -1.144e+01          -1.144e+01             274.419          -4.279e+01             188.830           3.138e+01     
  99.000          90.000           -1.039e+01          -1.039e+01             274.004          -4.280e+01             189.071           3.244e+01     
 100.000          90.000           -9.460e+00          -9.462e+00             273.688          -4.281e+01             189.300           3.339e+01     
 101.000          90.000           -8.621e+00          -8.623e+00             273.442          -4.282e+01             189.517           3.425e+01     
 102.000          90.000           -7.859e+00          -7.861e+00             273.246          -4.283e+01             189.723           3.502e+01     
 103.000          90.000           -7.162e+00          -7.163e+00             273.089          -4.283e+01             189.916           3.573e+01     
 104.000          90.000           -6.520e+00          -6.521e+00             272.960          -4.283e+01             190.097           3.638e+01     
 105.000          90.000           -5.925e+00          -5.926e+00             272.853          -4.284e+01             190.266           3.698e+01     
 106.000          90.000           -5.372e+00          -5.373e+00             272.762          -4.284e+01             190.422           3.754e+01     
 107.000          90.000           -4.856e+00          -4.857e+00             272.685          -4.284e+01             190.565           3.806e+01     
 108.000          90.000           -4.372e+00          -4.373e+00             272.618          -4.283e+01             190.695           3.855e+01     
 109.000          90.000           -3.917e+00          -3.918e+00             272.558          -4.283e+01             190.811           3.900e+01     
 110.000          90.000           -3.489e+00          -3.490e+00             272.505          -4.283e+01             190.913           3.943e+01     
 111.000          90.000           -3.085e+00          -3.085e+00             272.455          -4.282e+01             191.001           3.983e+01     
 112.000          90.000           -2.702e+00          -2.703e+00             272.409          -4.281e+01             191.075           4.000e+01     
 113.000          90.000           -2.340e+00          -2.340e+00             272.365          -4.280e+01             191.135           4.000e+01     
 114.000          90.000           -1.996e+00          -1.996e+00             272.322          -4.279e+01             191.179           4.000e+01     
 115.000          90.000           -1.669e+00          -1.669e+00             272.279          -4.278e+01             191.209           4.000e+01     
 116.000          90.000           -1.358e+00          -1.358e+00             272.236          -4.276e+01             191.224           4.000e+01     
 117.000          90.000           -1.061e+00          -1.062e+00             272.193          -4.275e+01             191.223           4.000e+01     
 118.000          90.000           -7.790e-01          -7.793e-01             272.149          -4.273e+01             191.206           4.000e+01     
 119.000          90.000           -5.098e-01          -5.101e-01             272.103          -4.271e+01             191.174           4.000e+01     
 120.000          90.000           -2.530e-01          -2.532e-01             272.055          -4.269e+01             191.126           4.000e+01     
 121.000          90.000           -7.837e-03          -8.072e-03             272.006          -4.267e+01             191.062           4.000e+01     
 122.000          90.000            2.262e-01           2.260e-01             271.954          -4.265e+01             190.982           4.000e+01     
 123.000          90.000            4.497e-01           4.495e-01             271.899          -4.262e+01             190.886           4.000e+01     
 124.000          90.000            6.631e-01           6.629e-01             271.842          -4.259e+01             190.774           4.000e+01     
 125.000          90.000            8.668e-01           8.666e-01             271.782          -4.256e+01             190.646           4.000e+01     
 126.000          90.000            1.061e+00           1.061e+00             271.719          -4.253e+01             190.501           4.000e+01     
 127.000          90.000            1.247e+00           1.247e+00             271.652          -4.250e+01             190.340           4.000e+01     
 128.000          90.000            1.424e+00           1.424e+00             271.583          -4.247e+01             190.163           4.000e+01     
 129.000          90.000            1.592e+00           1.592e+00             271.509          -4.243e+01             189.970           4.000e+01     
 130.000          90.000            1.753e+00           1.753e+00             271.432          -4.240e+01             189.762           4.000e+01     
 131.000          90.000            1.906e+00           1.906e+00             271.352          -4.236e+01             189.537           4.000e+01     
 132.000          90.000            2.051e+00           2.051e+00             271.268          -4.232e+01             189.297           4.000e+01     
 133.000          90.000            2.189e+00           2.189e+00             271.179          -4.227e+01             189.042           4.000e+01     
 134.000          90.000            2.320e+00           2.320e+00             271.087          -4.223e+01             188.772           4.000e+01     
 135.000          90.000            2.444e+00           2.443e+00             270.991          -4.218e+01             188.487           4.000e+01     
 136.000          90.000            2.560e+00           2.560e+00             270.891          -4.214e+01             188.188           4.000e+01     
 137.000          90.000            2.671e+00           2.671e+00             270.787          -4.209e+01             187.874           4.000e+01     
 138.000          90.000            2.774e+00           2.774e+00             270.678          -4.204e+01             187.547           4.000e+01     
 139.000          90.000            2.871e+00           2.871e+00             270.566          -4.199e+01             187.207           4.000e+01     
 140.000          90.000            2.962e+00           2.962e+00             270.449          -4.193e+01             186.853           4.000e+01     
 141.000          90.000            3.046e+00           3.046e+00             270.327          -4.188e+01             186.488           4.000e+01     
 142.000          90.000            3.125e+00           3.124e+00             270.201          -4.182e+01             186.110           4.000e+01     
 143.000          90.000            3.197e+00           3.196e+00             270.071          -4.176e+01             185.722           4.000e+01     
 144.000          90.000            3.263e+00           3.262e+00             269.936          -4.170e+01             185.322           4.000e+01     
 145.000          90.000            3.323e+00           3.322e+00             269.796          -4.164e+01             184.912           4.000e+01     
 146.000          90.000            3.377e+00           3.377e+00             269.652          -4.158e+01             184.493           4.000e+01     
 147.000          90.000            3.425e+00           3.425e+00             269.503          -4.152e+01             184.065           4.000e+01     
 148.000          90.000            3.467e+00           3.467e+00             269.349          -4.145e+01             183.628           4.000e+01     
 149.000          90.000            3.504e+00           3.503e+00             269.191          -4.139e+01             183.183           4.000e+01     
 150.000          90.000            3.534e+00           3.534e+00             269.028          -4.132e+01             182.731           4.000e+01     
 151.000          90.000            3.559e+00           3.559e+00             268.859          -4.126e+01             182.273           4.000e+01     
 152.000          90.000            3.578e+00           3.578e+00             268.686          -4.119e+01             181.809           4.000e+01     
 153.000          90.000            3.592e+00           3.592e+00             268.507          -4.112e+01             181.339           4.000e+01     
 154.000          90.000            3.600e+00           3.600e+00             268.324          -4.105e+01             180.865           4.000e+01     
 155.000          90.000            3.602e+00           3.602e+00             268.135          -4.098e+01             180.387           4.000e+01     
 156.000          90.000            3.598e+00           3.598e+00             267.941          -4.091e+01             179.906           4.000e+01     
 157.000          90.000            3.589e+00           3.589e+00             267.741          -4.083e+01             179.422           4.000e+01     
 158.000          90.000            3.574e+00           3.574e+00             267.536          -4.076e+01             178.936           4.000e+01     
 159.000          90.000            3.553e+00           3.553e+00             267.325          -4.069e+01             178.449           4.000e+01     
 160.000          90.000            3.527e+00           3.527e+00             267.109          -4.061e+01             177.961           4.000e+01     
 161.000          90.000            3.495e+00           3.495e+00             266.887          -4.054e+01             177.473           4.000e+01     
 162.000          90.000            3.457e+00           3.457e+00             266.659          -4.047e+01             176.985           4.000e+01     
 163.000          90.000            3.413e+00           3.413e+00             266.426          -4.039e+01             176.499           4.000e+01     
 164.000          90.000            3.364e+00           3.364e+00             266.186          -4.032e+01             176.014           4.000e+01     
 165.000          90.000            3.309e+00           3.309e+00             265.940          -4.025e+01             175.531           4.000e+01     
 166.000          90.000            3.248e+00           3.248e+00             265.688          -4.017e+01             175.050           4.000e+01     
 167.000          90.000            3.181e+00           3.181e+00             265.429          -4.010e+01             174.573           4.000e+01     
 168.000          90.000            3.109e+00           3.109e+00             265.163          -4.003e+01             174.099           4.000e+01     
 169.000          90.000            3.030e+00           3.030e+00             264.891          -3.995e+01             173.630           4.000e+01     
 170.000          90.000            2.946e+00           2.946e+00             264.612          -3.988e+01             173.165           4.000e+01     
 171.000          90.000            2.856e+00           2.856e+00             264.326          -3.981e+01             172.705           4.000e+01     
 172.000          90.000            2.760e+00           2.759e+00             264.033          -3.974e+01             172.250           4.000e+01     
 173.000          90.000            2.657e+00           2.657e+00             263.732          -3.967e+01             171.801           4.000e+01     
 174.000          90.000            2.549e+00           2.549e+00             263.423          -3.960e+01             171.358           4.000e+01     
 175.000          90.000            2.435e+00           2.434e+00             263.107          -3.953e+01             170.922           4.000e+01     
 176.000          90.000            2.314e+00           2.314e+00             262.782          -3.947e+01             170.492           4.000e+01     
 177.000          90.000            2.187e+00           2.187e+00             262.449          -3.940e+01             170.070           4.000e+01     
 178.000          90.000            2.054e+00           2.054e+00             262.108          -3.934e+01             169.654           4.000e+01     
 179.000          90.000            1.915e+00           1.914e+00             261.758          -3.927e+01             169.247           4.000e+01     
 180.000          90.000            1.769e+00           1.769e+00             261.398          -3.921e+01             168.848           4.000e+01     
 179.000         270.000            1.617e+00           1.616e+00              81.029          -3.915e+01             348.456           4.000e+01     
 178.000         270.000            1.458e+00           1.458e+00              80.650          -3.909e+01             348.072           4.000e+01     
 177.000         270.000            1.293e+00           1.293e+00              80.261          -3.903e+01             347.697           4.000e+01     
 176.000         270.000            1.121e+00           1.121e+00              79.861          -3.897e+01             347.331           4.000e+01     
 175.000         270.000            9.430e-01           9.426e-01              79.450          -3.892e+01             346.973           3.987e+01     
 174.000         270.000            7.579e-01           7.574e-01              79.027          -3.886e+01             346.624           3.963e+01     
 173.000         270.000            5.660e-01           5.655e-01              78.593          -3.881e+01             346.284           3.938e+01     
 172.000         270.000            3.673e-01           3.667e-01              78.146          -3.876e+01             345.954           3.913e+01     
 171.000         270.000            1.616e-01           1.610e-01              77.686          -3.871e+01             345.632           3.888e+01     
 170.000         270.000           -5.117e-02          -5.177e-02              77.212          -3.866e+01             345.320           3.862e+01     
 169.000         270.000           -2.710e-01          -2.716e-01              76.725          -3.862e+01             345.018           3.835e+01     
 168.000         270.000           -4.980e-01          -4.987e-01              76.222          -3.857e+01             344.725           3.808e+01     
 167.000         270.000           -7.324e-01          -7.331e-01              75.704          -3.853e+01             344.442           3.780e+01     
 166.000         270.000           -9.740e-01          -9.748e-01              75.169          -3.849e+01             344.168           3.752e+01     
 165.000         270.000           -1.223e+00          -1.224e+00              74.617          -3.845e+01             343.903           3.723e+01     
 164.000         270.000           -1.480e+00          -1.481e+00              74.047          -3.841e+01             343.649           3.693e+01     
 163.000         270.000           -1.744e+00          -1.745e+00              73.458          -3.838e+01             343.404           3.663e+01     
 162.000         270.000           -2.016e+00          -2.017e+00              72.849          -3.834e+01             343.168           3.633e+01     
 161.000         270.000           -2.296e+00          -2.297e+00              72.218          -3.831e+01             342.942           3.601e+01     
 160.000         270.000           -2.584e+00          -2.585e+00              71.565          -3.828e+01             342.725           3.570e+01     
 159.000         270.000           -2.880e+00          -2.881e+00              70.889          -3.825e+01             342.518           3.537e+01     
 158.000         270.000           -3.184e+00          -3.185e+00              70.187          -3.822e+01             342.320           3.504e+01     
 157.000         270.000           -3.496e+00          -3.498e+00              69.458          -3.820e+01             342.131           3.471e+01     
 156.000         270.000           -3.817e+00          -3.818e+00              68.702          -3.817e+01             341.951           3.437e+01     
 155.000         270.000           -4.146e+00          -4.147e+00              67.915          -3.815e+01             341.781           3.402e+01     
 154.000         270.000           -4.483e+00          -4.485e+00              67.096          -3.813e+01             341.619           3.367e+01     
 153.000         270.000           -4.829e+00          -4.831e+00              66.244          -3.811e+01             341.466           3.331e+01     
 152.000         270.000           -5.184e+00          -5.186e+00              65.355          -3.809e+01             341.321           3.295e+01     
 151.000         270.000           -5.548e+00          -5.550e+00              64.428          -3.807e+01             341.185           3.258e+01     
 150.000         270.000           -5.920e+00          -5.923e+00              63.460          -3.806e+01             341.057           3.221e+01     
 149.000         270.000           -6.301e+00          -6.304e+00              62.447          -3.804e+01             340.938           3.183e+01     
 148.000         270.000           -6.691e+00          -6.695e+00              61.388          -3.803e+01             340.825           3.145e+01     
 147.000         270.000           -7.090e+00          -7.094e+00              60.279          -3.802e+01             340.721           3.107e+01     
 146.000         270.000           -7.498e+00          -7.502e+00              59.117          -3.801e+01             340.624           3.068e+01     
 145.000         270.000           -7.915e+00          -7.919e+00              57.897          -3.800e+01             340.534           3.029e+01     
 144.000         270.000           -8.340e+00          -8.345e+00              56.617          -3.799e+01             340.451           2.990e+01     
 143.000         270.000           -8.774e+00          -8.779e+00              55.271          -3.798e+01             340.374           2.951e+01     
 142.000         270.000           -9.216e+00          -9.221e+00              53.856          -3.798e+01             340.304           2.912e+01     
 141.000         270.000           -9.666e+00          -9.672e+00              52.367          -3.797e+01             340.240           2.873e+01     
 140.000         270.000           -1.012e+01          -1.013e+01              50.798          -3.797e+01             340.181           2.834e+01     
 139.000         270.000           -1.059e+01          -1.060e+01              49.146          -3.796e+01             340.128           2.796e+01     
 138.000         270.000           -1.106e+01          -1.107e+01              47.405          -3.796e+01             340.080           2.759e+01     
 137.000         270.000           -1.154e+01          -1.155e+01              45.569          -3.796e+01             340.036           2.723e+01     
 136.000         270.000           -1.202e+01          -1.203e+01              43.635          -3.796e+01             339.997           2.688e+01     
 135.000         270.000           -1.251e+01          -1.252e+01              41.597          -3.796e+01             339.962           2.655e+01     
 134.000         270.000           -1.300e+01          -1.301e+01              39.450          -3.796e+01             339.930           2.625e+01     
 133.000         270.000           -1.349e+01          -1.351e+01              37.191          -3.796e+01             339.901           2.596e+01     
 132.000         270.000           -1.398e+01          -1.400e+01              34.817          -3.796e+01             339.876           2.571e+01     
 131.000         270.000           -1.447e+01          -1.449e+01              32.325          -3.796e+01             339.852           2.550e+01     
 130.000         270.000           -1.496e+01          -1.498e+01              29.716          -3.797e+01             339.831           2.533e+01     
 129.000         270.000           -1.545e+01          -1.547e+01              26.991          -3.797e+01             339.811           2.521e+01     
 128.000         270.000           -1.592e+01          -1.595e+01              24.153          -3.797e+01             339.792           2.516e+01     
 127.000         270.000           -1.639e+01          -1.642e+01              21.208          -3.798e+01             339.774           2.517e+01     
 126.000         270.000           -1.685e+01          -1.689e+01              18.163          -3.798e+01             339.756           2.527e+01     
 125.000         270.000           -1.730e+01          -1.734e+01              15.030          -3.798e+01             339.738           2.546e+01     
 124.000         270.000           -1.773e+01          -1.777e+01              11.822          -3.799e+01             339.720           2.577e+01     
 123.000         270.000           -1.815e+01          -1.819e+01               8.554          -3.799e+01             339.700           2.620e+01     
 122.000         270.000           -1.855e+01          -1.860e+01               5.245          -3.800e+01             339.679           2.678e+01     
 121.000         270.000           -1.894e+01          -1.899e+01               1.912          -3.800e+01             339.656           2.753e+01     
 120.000         270.000           -1.931e+01          -1.937e+01             358.576          -3.801e+01             339.631           2.851e+01     
 119.000         270.000           -1.967e+01          -1.974e+01             355.256          -3.801e+01             339.603           2.978e+01     
 118.000         270.000           -2.002e+01          -2.009e+01             351.969          -3.802e+01             339.572           3.143e+01     
 117.000         270.000           -2.035e+01          -2.043e+01             348.734          -3.802e+01             339.537           3.367e+01     
 116.000         270.000           -2.068e+01          -2.076e+01             345.564          -3.803e+01             339.498           3.695e+01     
 115.000         270.000           -2.101e+01          -2.109e+01             342.472          -3.803e+01             339.455           4.000e+01     
 114.000         270.000           -2.133e+01          -2.142e+01             339.466          -3.804e+01             339.407           4.000e+01     
 113.000         270.000           -2.165e+01          -2.175e+01             336.552          -3.804e+01             339.354           4.000e+01     
 112.000         270.000           -2.198e+01          -2.209e+01             333.732          -3.805e+01             339.296           3.644e+01     
 111.000         270.000           -2.232e+01          -2.244e+01             331.007          -3.805e+01             339.231           3.274e+01     
 110.000         270.000           -2.267e+01          -2.280e+01             328.372          -3.806e+01             339.161           3.006e+01     
 109.000         270.000           -2.305e+01          -2.319e+01             325.822          -3.806e+01             339.084           2.793e+01     
 108.000         270.000           -2.344e+01          -2.359e+01             323.347          -3.807e+01             339.000           2.614e+01     
 107.000         270.000           -2.386e+01          -2.403e+01             320.935          -3.807e+01             338.908           2.456e+01     
 106.000         270.000           -2.431e+01          -2.450e+01             318.569          -3.808e+01             338.810           2.313e+01     
 105.000         270.000           -2.480e+01          -2.501e+01             316.230          -3.808e+01             338.703           2.178e+01     
 104.000         270.000           -2.533e+01          -2.557e+01             313.890          -3.808e+01             338.589           2.049e+01     
 103.000         270.000           -2.592e+01          -2.619e+01             311.517          -3.809e+01             338.466           1.921e+01     
 102.000         270.000           -2.656e+01          -2.687e+01             309.066          -3.809e+01             338.335           1.793e+01     
 101.000         270.000           -2.726e+01          -2.763e+01             306.476          -3.809e+01             338.195           1.661e+01     
 100.000         270.000           -2.804e+01          -2.849e+01             303.661          -3.810e+01             338.046           1.522e+01     
  99.000         270.000           -2.890e+01          -2.945e+01             300.494          -3.810e+01             337.889           1.373e+01     
  98.000         270.000           -2.985e+01          -3.056e+01             296.781          -3.810e+01             337.722           1.210e+01     
  97.000         270.000           -3.091e+01          -3.182e+01             292.208          -3.810e+01             337.546           1.030e+01     
  96.000         270.000           -3.205e+01          -3.328e+01             286.246          -3.810e+01             337.361           8.263e+00     
  95.000         270.000           -3.324e+01          -3.495e+01             277.971          -3.811e+01             337.166           5.924e+00     
  94.000         270.000           -3.438e+01          -3.677e+01             265.798          -3.811e+01             336.962           3.209e+00     
  93.000         270.000           -3.525e+01          -3.843e+01             247.613          -3.811e+01             336.748           3.457e-01     
  92.000         270.000           -3.558e+01          -3.913e+01             223.408          -3.811e+01             336.524           3.753e+00     
  91.000         270.000           -3.519e+01          -3.830e+01             199.334          -3.811e+01             336.292           8.086e+00     
  90.000         270.000           -3.425e+01          -3.655e+01             181.461          -3.810e+01             336.049           1.309e+01     
  89.000         270.000           -3.302e+01          -3.463e+01             169.724          -3.810e+01             335.798           1.896e+01     
  88.000         270.000           -3.173e+01          -3.286e+01             161.974          -3.810e+01             335.537           2.650e+01     
  87.000         270.000           -3.048e+01          -3.131e+01             156.662          -3.810e+01             335.267           4.000e+01     
  86.000         270.000           -2.933e+01          -2.995e+01             152.872          -3.809e+01             334.988           3.804e+01     
  85.000         270.000           -2.827e+01          -2.875e+01             150.084          -3.809e+01             334.700           3.218e+01     
  84.000         270.000           -2.731e+01          -2.769e+01             147.988          -3.809e+01             334.403           3.018e+01     
  83.000         270.000           -2.643e+01          -2.674e+01             146.397          -3.808e+01             334.098           2.940e+01     
  82.000         270.000           -2.564e+01          -2.589e+01             145.189          -3.808e+01             333.784           2.919e+01     
  81.000         270.000           -2.491e+01          -2.512e+01             144.282          -3.807e+01             333.463           2.931e+01     
  80.000         270.000           -2.424e+01          -2.442e+01             143.623          -3.806e+01             333.133           2.964e+01     
  79.000         270.000           -2.362e+01          -2.378e+01             143.172          -3.806e+01             332.797           3.012e+01     
  78.000         270.000           -2.305e+01          -2.319e+01             142.902          -3.805e+01             332.453           3.073e+01     
  77.000         270.000           -2.253e+01          -2.265e+01             142.792          -3.804e+01             332.103           3.145e+01     
  76.000         270.000           -2.204e+01          -2.215e+01             142.828          -3.803e+01             331.746           3.229e+01     
  75.000         270.000           -2.159e+01          -2.169e+01             142.999          -3.802e+01             331.383           3.325e+01     
  74.000         270.000           -2.117e+01          -2.126e+01             143.298          -3.801e+01             331.015           3.437e+01     
  73.000         270.000           -2.078e+01          -2.086e+01             143.719          -3.800e+01             330.642           3.568e+01     
  72.000         270.000           -2.041e+01          -2.049e+01             144.258          -3.798e+01             330.264           3.725e+01     
  71.000         270.000           -2.007e+01          -2.014e+01             144.913          -3.797e+01             329.882           3.922e+01     
  70.000         270.000           -1.975e+01          -1.982e+01             145.682          -3.796e+01             329.496           4.000e+01     
  69.000         270.000           -1.945e+01          -1.951e+01             146.565          -3.794e+01             329.107           4.000e+01     
  68.000         270.000           -1.917e+01          -1.923e+01             147.561          -3.793e+01             328.716           4.000e+01     
  67.000         270.000           -1.890e+01          -1.896e+01             148.672          -3.791e+01             328.322           4.000e+01     
  66.000         270.000           -1.865e+01          -1.870e+01             149.896          -3.789e+01             327.927           4.000e+01     
  65.000         270.000           -1.840e+01          -1.845e+01             151.235          -3.788e+01             327.531           4.000e+01     
  64.000         270.000           -1.817e+01          -1.822e+01             152.689          -3.786e+01             327.135           4.000e+01     
  63.000         270.000           -1.794e+01          -1.799e+01             154.258          -3.784e+01             326.739           3.760e+01     
  62.000         270.000           -1.772e+01          -1.777e+01             155.940          -3.782e+01             326.344           3.570e+01     
  61.000         270.000           -1.751e+01          -1.755e+01             157.735          -3.780e+01             325.950           3.413e+01     
  60.000         270.000           -1.729e+01          -1.733e+01             159.640          -3.778e+01             325.557           3.280e+01     
  59.000         270.000           -1.707e+01          -1.711e+01             161.652          -3.776e+01             325.168           3.166e+01     
  58.000         270.000           -1.685e+01          -1.689e+01             163.765          -3.774e+01             324.781           3.066e+01     
  57.000         270.000           -1.663e+01          -1.666e+01             165.973          -3.771e+01             324.399           2.980e+01     
  56.000         270.000           -1.640e+01          -1.643e+01             168.268          -3.769e+01             324.020           2.904e+01     
  55.000         270.000           -1.616e+01          -1.619e+01             170.641          -3.767e+01             323.646           2.838e+01     
  54.000         270.000           -1.591e+01          -1.594e+01             173.082          -3.764e+01             323.278           2.782e+01     
  53.000         270.000           -1.565e+01          -1.568e+01             175.577          -3.762e+01             322.916           2.733e+01     
  52.000         270.000           -1.538e+01          -1.541e+01             178.113          -3.760e+01             322.560           2.693e+01     
  51.000         270.000           -1.510e+01          -1.512e+01             180.677          -3.757e+01             322.211           2.660e+01     
  50.000         270.000           -1.480e+01          -1.482e+01             183.254          -3.755e+01             321.869           2.634e+01     
  49.000         270.000           -1.449e+01          -1.451e+01             185.830          -3.752e+01             321.536           2.615e+01     
  48.000         270.000           -1.416e+01          -1.418e+01             188.391          -3.750e+01             321.211           2.603e+01     
  47.000         270.000           -1.382e+01          -1.384e+01             190.923          -3.747e+01             320.895           2.596e+01     
  46.000         270.000           -1.347e+01          -1.349e+01             193.414          -3.745e+01             320.588           2.594e+01     
  45.000         270.000           -1.311e+01          -1.313e+01             195.855          -3.742e+01             320.291           2.598e+01     
  44.000         270.000           -1.274e+01          -1.276e+01             198.234          -3.740e+01             320.004           2.606e+01     
  43.000         270.000           -1.236e+01          -1.238e+01             200.546          -3.738e+01             319.728           2.619e+01     
  42.000         270.000           -1.198e+01          -1.199e+01             202.783          -3.735e+01             319.463           2.635e+01     
  41.000         270.000           -1.158e+01          -1.160e+01             204.942          -3.733e+01             319.209           2.654e+01     
  40.000         270.000           -1.119e+01          -1.120e+01             207.020          -3.731e+01             318.966           2.677e+01     
  39.000         270.000           -1.079e+01          -1.080e+01             209.014          -3.729e+01             318.736           2.702e+01     
  38.000         270.000           -1.039e+01          -1.039e+01             210.925          -3.727e+01             318.518           2.729e+01     
  37.000         270.000           -9.983e+00          -9.992e+00             212.753          -3.725e+01             318.312           2.758e+01     
  36.000         270.000           -9.582e+00          -9.589e+00             214.500          -3.723e+01             318.119           2.789e+01     
  35.000         270.000           -9.182e+00          -9.189e+00             216.166          -3.721e+01             317.939           2.821e+01     
  34.000         270.000           -8.784e+00          -8.791e+00             217.756          -3.720e+01             317.772           2.854e+01     
  33.000         270.000           -8.390e+00          -8.396e+00             219.270          -3.718e+01             317.619           2.888e+01     
  32.000         270.000           -8.000e+00          -8.005e+00             220.714          -3.716e+01             317.479           2.922e+01     
  31.000         270.000           -7.614e+00          -7.619e+00             222.090          -3.715e+01             317.352           2.957e+01     
  30.000         270.000           -7.234e+00          -7.238e+00             223.400          -3.714e+01             317.240           2.992e+01     
  29.000         270.000           -6.859e+00          -6.863e+00             224.649          -3.713e+01             317.141           3.027e+01     
  28.000         270.000           -6.490e+00          -6.494e+00             225.840          -3.712e+01             317.056           3.063e+01     
  27.000         270.000           -6.127e+00          -6.131e+00             226.977          -3.711e+01             316.986           3.098e+01     
  26.000         270.000           -5.771e+00          -5.774e+00             228.061          -3.710e+01             316.930           3.133e+01     
  25.000         270.000           -5.422e+00          -5.425e+00             229.097          -3.710e+01             316.887           3.168e+01     
  24.000         270.000           -5.080e+00          -5.082e+00             230.087          -3.710e+01             316.860           3.203e+01     
  23.000         270.000           -4.744e+00          -4.747e+00             231.033          -3.709e+01             316.846           3.237e+01     
  22.000         270.000           -4.416e+00          -4.419e+00             231.940          -3.709e+01             316.847           3.271e+01     
  21.000         270.000           -4.096e+00          -4.098e+00             232.808          -3.710e+01             316.863           3.305e+01     
  20.000         270.000           -3.782e+00          -3.784e+00             233.641          -3.710e+01             316.892           3.338e+01     
  19.000         270.000           -3.476e+00          -3.478e+00             234.441          -3.711e+01             316.936           3.370e+01     
  18.000         270.000           -3.178e+00          -3.180e+00             235.209          -3.711e+01             316.995           3.402e+01     
  17.000         270.000           -2.887e+00          -2.888e+00             235.948          -3.712e+01             317.068           3.434e+01     
  16.000         270.000           -2.603e+00          -2.605e+00             236.659          -3.713e+01             317.155           3.465e+01     
  15.000         270.000           -2.327e+00          -2.328e+00             237.345          -3.715e+01             317.256           3.495e+01     
  14.000         270.000           -2.058e+00          -2.059e+00             238.006          -3.716e+01             317.372           3.525e+01     
  13.000         270.000           -1.796e+00          -1.797e+00             238.645          -3.718e+01             317.501           3.555e+01     
  12.000         270.000           -1.541e+00          -1.543e+00             239.262          -3.720e+01             317.645           3.583e+01     
  11.000         270.000           -1.294e+00          -1.295e+00             239.859          -3.722e+01             317.803           3.612e+01     
  10.000         270.000           -1.054e+00          -1.055e+00             240.438          -3.724e+01             317.975           3.639e+01     
   9.000         270.000           -8.214e-01          -8.224e-01             240.999          -3.727e+01             318.161           3.666e+01     
   8.000         270.000           -5.956e-01          -5.966e-01             241.543          -3.729e+01             318.360           3.693e+01     
   7.000         270.000           -3.769e-01          -3.777e-01             242.071          -3.732e+01             318.573           3.719e+01     
   6.000         270.000           -1.651e-01          -1.659e-01             242.585          -3.735e+01             318.800           3.744e+01     
   5.000         270.000            3.977e-02           3.898e-02             243.085          -3.739e+01             319.040           3.769e+01     
   4.000         270.000            2.378e-01           2.370e-01             243.572          -3.742e+01             319.294           3.793e+01     
   3.000         270.000            4.289e-01           4.282e-01             244.047          -3.746e+01             319.561           3.817e+01     
   2.000         270.000            6.134e-01           6.127e-01             244.510          -3.750e+01             319.841           3.840e+01     
   1.000         270.000            7.911e-01           7.905e-01             244.962          -3.754e+01             320.134           3.862e+01     
