                 Frequency                      S11
                       1                    -0.028545922
               1.0039999                     -0.02355127
                   1.008                    -0.019030833
                   1.012                    -0.015011439
                   1.016                    -0.011514547
                    1.02                   -0.0085582177
                   1.024                   -0.0061546957
                   1.028                   -0.0043150912
               1.0319999                   -0.0030413215
                   1.036                   -0.0023355889
                    1.04                   -0.0021921375
                   1.044                   -0.0026023541
                   1.048                   -0.0035545083
                   1.052                   -0.0050312046
                   1.056                   -0.0070116201
               1.0599999                   -0.0094731633
                   1.064                    -0.012387975
                   1.068                    -0.015725705
                   1.072                    -0.019452449
                   1.076                    -0.023533422
                    1.08                    -0.027929591
                   1.084                    -0.032602368
               1.0880001                     -0.03750908
                   1.092                    -0.042606639
                   1.096                    -0.047851472
                     1.1                    -0.053199427
                   1.104                    -0.058604643
                   1.108                    -0.064023038
                   1.112                    -0.069410487
               1.1160001                    -0.074722331
                    1.12                    -0.079917576
                   1.124                    -0.084954733
                   1.128                    -0.089795588
                   1.132                    -0.094400735
                   1.136                    -0.098737927
                    1.14                     -0.10277413
               1.1440001                     -0.10648039
                   1.148                      -0.1098308
                   1.152                     -0.11280137
                   1.156                      -0.1153751
                    1.16                     -0.11753481
                   1.164                     -0.11926929
                   1.168                     -0.12057019
               1.1720001                     -0.12143176
                   1.176                     -0.12185611
               1.1799999                      -0.1218431
                   1.184                     -0.12140102
                   1.188                     -0.12053893
                   1.192                     -0.11927203
                   1.196                     -0.11761577
                     1.2                     -0.11558931
                   1.204                     -0.11321598
               1.2079999                     -0.11052104
                   1.212                     -0.10753187
                   1.216                      -0.1042767
                    1.22                     -0.10078709
                   1.224                    -0.097095924
                   1.228                    -0.093235946
                   1.232                    -0.089243054
               1.2359999                    -0.085151313
                    1.24                    -0.080995663
                   1.244                    -0.076812317
                   1.248                    -0.072634459
                   1.252                    -0.068497439
                   1.256                    -0.064435098
                    1.26                    -0.060478268
               1.2640001                    -0.056659053
                   1.268                    -0.053005417
                   1.272                    -0.049544994
                   1.276                    -0.046303823
                    1.28                    -0.043305227
                   1.284                    -0.040569634
                   1.288                    -0.038116375
               1.2920001                    -0.035960827
                   1.296                    -0.034117776
                     1.3                    -0.032597023
                   1.304                    -0.031406741
                   1.308                    -0.030553038
                   1.312                    -0.030038746
                   1.316                    -0.029863472
               1.3200001                    -0.030025073
                   1.324                     -0.03051866
               1.3279999                    -0.031336177
                   1.332                    -0.032467359
                   1.336                    -0.033900064
                    1.34                    -0.035619364
                   1.344                    -0.037609856
                   1.348                    -0.039850754
                   1.352                    -0.042323287
               1.3559999                    -0.045005908
                    1.36                    -0.047873878
                   1.364                    -0.050902308
                   1.368                    -0.054067419
                   1.372                    -0.057341914
                   1.376                    -0.060698826
                    1.38                    -0.064110744
               1.3839999                    -0.067550382
                   1.388                    -0.070990883
                   1.392                    -0.074404115
                   1.396                    -0.077763439
                     1.4                    -0.081044876
                   1.404                    -0.084221843
                   1.408                    -0.087271222
               1.4119999                    -0.090171054
                   1.416                    -0.092898855
                    1.42                    -0.095435434
                   1.424                     -0.09776561
                   1.428                    -0.099871223
                   1.432                     -0.10173973
                   1.436                     -0.10335988
               1.4400001                     -0.10472224
                   1.444                     -0.10581954
                   1.448                     -0.10664704
                   1.452                     -0.10720347
                   1.456                     -0.10748682
                    1.46                     -0.10750192
                   1.464                     -0.10725063
               1.4680001                     -0.10674111
                   1.472                     -0.10598122
                   1.476                     -0.10498201
                    1.48                     -0.10375642
                   1.484                     -0.10231944
                   1.488                     -0.10068482
                   1.492                     -0.09887149
               1.4960001                    -0.096898524
                     1.5                    -0.094784835
               1.5039999                     -0.09255064
                   1.508                    -0.090218008
                   1.512                    -0.087810036
                   1.516                    -0.085346726
                    1.52                    -0.082851948
                   1.524                    -0.080348603
                   1.528                     -0.07785779
               1.5319999                    -0.075403151
                   1.536                    -0.073004129
                    1.54                    -0.070683217
                   1.544                    -0.068459424
                   1.548                    -0.066351634
                   1.552                    -0.064377572
                   1.556                    -0.062553999
               1.5599999                    -0.060896042
                   1.564                     -0.05941649
                   1.568                    -0.058128135
                   1.572                      -0.0570412
                   1.576                    -0.056163528
                    1.58                    -0.055504398
                   1.584                    -0.055065777
               1.5880001                    -0.054853123
                   1.592                    -0.054868152
                   1.596                    -0.055109507
                     1.6                    -0.055576157
                   1.604                    -0.056263403
                   1.608                    -0.057165939
                   1.612                    -0.058276931
               1.6160001                    -0.059587681
                    1.62                     -0.06108884
                   1.624                    -0.062767262
                   1.628                    -0.064611178
                   1.632                    -0.066606367
                   1.636                    -0.068737857
                    1.64                    -0.070989383
               1.6440001                    -0.073344438
                   1.648                    -0.075784719
                   1.652                     -0.07829346
                   1.656                    -0.080851754
                    1.66                    -0.083440467
                   1.664                     -0.08604083
                   1.668                    -0.088635617
               1.6720001                    -0.091204986
                   1.676                    -0.093732287
               1.6799999                    -0.096199066
                   1.684                    -0.098589327
                   1.688                     -0.10088595
                   1.692                     -0.10307458
                   1.696                     -0.10514128
                     1.7                     -0.10707243
                   1.704                      -0.1088571
               1.7079999                     -0.11048443
                   1.712                     -0.11194581
                   1.716                     -0.11323333
                    1.72                     -0.11434179
                   1.724                     -0.11526575
                   1.728                     -0.11600363
                   1.732                     -0.11655389
               1.7359999                     -0.11691639
                    1.74                       -0.117093
                   1.744                     -0.11708856
                   1.748                     -0.11690656
                   1.752                     -0.11655411
                   1.756                     -0.11603957
                    1.76                     -0.11537068
               1.7640001                     -0.11455835
                   1.768                     -0.11361586
                   1.772                     -0.11255314
                   1.776                     -0.11138485
                    1.78                     -0.11012459
                   1.784                     -0.10878771
                   1.788                     -0.10738865
               1.7920001                     -0.10594384
                   1.796                     -0.10446999
                     1.8                     -0.10298172
                   1.804                     -0.10149517
                   1.808                     -0.10002704
                   1.812                    -0.098592837
                   1.816                    -0.097207766
               1.8200001                    -0.095886574
                   1.824                    -0.094643486
               1.8279999                    -0.093491023
                   1.832                    -0.092443571
                   1.836                    -0.091511342
                    1.84                    -0.090705789
                   1.844                    -0.090035542
                   1.848                    -0.089509785
                   1.852                    -0.089135974
               1.8559999                    -0.088918783
                    1.86                    -0.088864396
                   1.864                    -0.088975355
                   1.868                    -0.089253859
                   1.872                    -0.089699633
                   1.876                     -0.09031395
                    1.88                    -0.091094317
               1.8839999                    -0.092035292
                   1.888                    -0.093135932
                   1.892                    -0.094387309
                   1.896                    -0.095784869
                     1.9                    -0.097318283
                   1.904                    -0.098980379
                   1.908                     -0.10076115
               1.9119999                     -0.10264784
                   1.916                     -0.10463053
                    1.92                     -0.10669682
                   1.924                     -0.10883309
                   1.928                     -0.11102536
                   1.932                      -0.1132609
                   1.936                     -0.11552593
               1.9400001                     -0.11780523
                   1.944                     -0.12008479
                   1.948                     -0.12235068
                   1.952                     -0.12458887
                   1.956                     -0.12678523
                    1.96                     -0.12892755
                   1.964                     -0.13100277
               1.9680001                     -0.13299783
                   1.972                     -0.13490262
                   1.976                     -0.13670646
                    1.98                     -0.13839899
                   1.984                     -0.13997204
                   1.988                     -0.14141867
                   1.992                     -0.14273016
               1.9960001                     -0.14390358
                       2                     -0.14493387
               2.0039999                     -0.14581762
               2.0079999                     -0.14655375
               2.0120001                     -0.14714152
                   2.016                     -0.14758102
                    2.02                     -0.14787555
               2.0239999                     -0.14802696
               2.0280001                     -0.14804048
               2.0320001                     -0.14792213
                   2.036                     -0.14767702
                    2.04                     -0.14731303
               2.0439999                     -0.14683955
               2.0480001                     -0.14626597
                   2.052                     -0.14560116
                   2.056                     -0.14485742
               2.0599999                     -0.14404586
               2.0639999                     -0.14317769
               2.0680001                      -0.1422663
                   2.072                     -0.14132423
                   2.076                     -0.14036302
               2.0799999                     -0.13939745
               2.0840001                     -0.13843958
               2.0880001                     -0.13750276
                   2.092                      -0.1365995
                   2.096                     -0.13574106
               2.0999999                      -0.1349404
               2.1040001                     -0.13420881
                   2.108                     -0.13355667
                   2.112                     -0.13299443
               2.1159999                     -0.13253045
               2.1199999                     -0.13217438
               2.1240001                     -0.13193331
                   2.128                     -0.13181344
                   2.132                     -0.13182165
               2.1359999                     -0.13196138
               2.1400001                     -0.13223621
               2.1440001                      -0.1326489
                   2.148                     -0.13320085
                   2.152                     -0.13389206
               2.1559999                      -0.1347217
               2.1600001                     -0.13568807
                   2.164                     -0.13678813
                   2.168                     -0.13801692
               2.1719999                     -0.13937067
               2.1760001                     -0.14084263
               2.1800001                     -0.14242509
                   2.184                     -0.14411111
                   2.188                     -0.14589154
               2.1919999                     -0.14775757
               2.1960001                     -0.14969861
                     2.2                     -0.15170488
                   2.204                     -0.15376367
               2.2079999                     -0.15586573
               2.2119999                     -0.15799728
               2.2160001                     -0.16014726
                    2.22                     -0.16230294
                   2.224                     -0.16445349
               2.2279999                     -0.16658578
               2.2320001                     -0.16868887
               2.2360001                     -0.17075053
                    2.24                     -0.17275965
                   2.244                     -0.17470632
               2.2479999                     -0.17657919
               2.2520001                     -0.17836984
                   2.256                     -0.18006925
                    2.26                     -0.18166968
               2.2639999                     -0.18316297
               2.2679999                     -0.18454328
               2.2720001                       -0.185807
                   2.276                     -0.18694857
                    2.28                     -0.18796463
               2.2839999                     -0.18885313
               2.2880001                     -0.18961324
               2.2920001                     -0.19024603
                   2.296                     -0.19075164
                     2.3                     -0.19113115
               2.3039999                     -0.19139017
               2.3080001                     -0.19153215
                   2.312                      -0.1915615
                   2.316                      -0.1914856
               2.3199999                     -0.19131073
               2.3239999                     -0.19104545
               2.3280001                     -0.19069884
                   2.332                      -0.1902796
                   2.336                     -0.18979818
               2.3399999                     -0.18926484
               2.3440001                     -0.18869074
                   2.348                     -0.18808717
                   2.352                     -0.18746533
               2.3559999                     -0.18683845
               2.3599999                     -0.18621703
               2.3640001                     -0.18561279
                   2.368                     -0.18503809
                   2.372                     -0.18450452
               2.3759999                     -0.18402215
               2.3800001                      -0.1836036
               2.3840001                     -0.18325737
                   2.388                      -0.1829933
                   2.392                     -0.18282111
               2.3959999                     -0.18274926
               2.4000001                      -0.1827858
                   2.404                     -0.18293585
                   2.408                     -0.18320636
               2.4119999                     -0.18360155
               2.4159999                     -0.18412692
               2.4200001                     -0.18478425
                   2.424                     -0.18557575
                   2.428                     -0.18650285
               2.4319999                     -0.18756449
               2.4360001                     -0.18875939
               2.4400001                     -0.19008713
                   2.444                     -0.19154244
                   2.448                     -0.19312243
               2.4519999                     -0.19482201
               2.4560001                     -0.19663425
                    2.46                     -0.19855242
                   2.464                     -0.20056965
               2.4679999                     -0.20267712
               2.4719999                     -0.20486485
               2.4760001                      -0.2071237
                    2.48                     -0.20944346
                   2.484                     -0.21181376
               2.4879999                     -0.21422235
               2.4920001                     -0.21665845
               2.4960001                     -0.21911102
                     2.5                     -0.22156788
               2.5039999                     -0.22401674
               2.5079999                     -0.22644734
               2.5120001                     -0.22884709
                   2.516                     -0.23120603
                    2.52                     -0.23351243
               2.5239999                     -0.23575661
               2.5280001                     -0.23792854
               2.5320001                     -0.24001929
                   2.536                     -0.24202122
                    2.54                     -0.24392612
               2.5439999                     -0.24572697
               2.5480001                     -0.24741888
                   2.552                     -0.24899651
                   2.556                     -0.25045626
               2.5599999                     -0.25179536
               2.5639999                     -0.25301216
               2.5680001                     -0.25410561
                   2.572                     -0.25507688
                   2.576                     -0.25592651
               2.5799999                     -0.25665904
               2.5840001                     -0.25727612
               2.5880001                     -0.25778325
                   2.592                     -0.25818607
                   2.596                     -0.25849186
               2.5999999                     -0.25870758
               2.6040001                     -0.25884181
                   2.608                     -0.25890419
                   2.612                     -0.25890487
               2.6159999                     -0.25885328
               2.6199999                     -0.25876102
               2.6240001                     -0.25863923
                   2.628                     -0.25850139
                   2.632                     -0.25835734
               2.6359999                     -0.25822068
               2.6400001                     -0.25810347
               2.6440001                     -0.25801833
                   2.648                     -0.25797711
                   2.652                     -0.25799208
               2.6559999                     -0.25807468
               2.6600001                     -0.25823563
                   2.664                     -0.25848681
                   2.668                     -0.25883724
               2.6719999                     -0.25929739
               2.6760001                     -0.25987551
               2.6800001                     -0.26057909
                   2.684                     -0.26141636
                   2.688                      -0.2623914
               2.6919999                     -0.26351146
               2.6960001                     -0.26477919
                     2.7                     -0.26619937
                   2.704                     -0.26777161
               2.7079999                     -0.26949892
               2.7119999                     -0.27137926
               2.7160001                     -0.27341229
                    2.72                     -0.27559565
                   2.724                     -0.27792473
               2.7279999                     -0.28039652
               2.7320001                     -0.28300443
               2.7360001                     -0.28574161
                    2.74                     -0.28859979
                   2.744                     -0.29157249
               2.7479999                      -0.2946492
               2.7520001                     -0.29781974
                   2.756                     -0.30107352
                    2.76                     -0.30439919
               2.7639999                      -0.3077848
               2.7679999                     -0.31121907
               2.7720001                     -0.31468799
                   2.776                     -0.31817945
                    2.78                     -0.32168112
               2.7839999                     -0.32517954
               2.7880001                     -0.32866178
               2.7920001                     -0.33211549
                   2.796                     -0.33552797
                     2.8                     -0.33888856
               2.8039999                     -0.34218569
               2.8080001                     -0.34540711
                   2.812                     -0.34854454
                   2.816                     -0.35158871
               2.8199999                     -0.35453022
               2.8239999                     -0.35736372
               2.8280001                     -0.36008082
                   2.832                     -0.36267789
                   2.836                     -0.36514982
               2.8399999                      -0.3674949
               2.8440001                     -0.36971197
                   2.848                     -0.37179905
                   2.852                     -0.37375872
               2.8559999                     -0.37559262
               2.8599999                     -0.37730404
               2.8640001                     -0.37889823
                   2.868                     -0.38038054
                   2.872                     -0.38175936
               2.8759999                     -0.38304258
               2.8800001                     -0.38423929
               2.8840001                      -0.3853601
                   2.888                     -0.38641585
                   2.892                      -0.3874201
               2.8959999                     -0.38838438
               2.9000001                     -0.38932446
                   2.904                     -0.39025255
                   2.908                     -0.39118375
               2.9119999                     -0.39213339
               2.9159999                     -0.39311748
               2.9200001                     -0.39415002
                   2.924                     -0.39524806
                   2.928                     -0.39642519
               2.9319999                     -0.39769656
               2.9360001                     -0.39907854
               2.9400001                     -0.40058418
                   2.944                     -0.40222665
                   2.948                     -0.40401967
               2.9519999                     -0.40597532
               2.9560001                     -0.40810505
                    2.96                     -0.41041909
                   2.964                     -0.41292683
               2.9679999                      -0.4156357
               2.9719999                     -0.41855337
               2.9760001                     -0.42168634
                    2.98                     -0.42503809
                   2.984                     -0.42861269
               2.9879999                     -0.43241005
               2.9920001                     -0.43643229
               2.9960001                     -0.44067856
                       3                     -0.44514566
               3.0039999                     -0.44983016
               3.0079999                     -0.45472694
               3.0120001                     -0.45982991
                   3.016                     -0.46513076
                    3.02                     -0.47062157
               3.0239999                     -0.47629136
               3.0280001                     -0.48212928
               3.0320001                     -0.48812343
                   3.036                     -0.49426086
                    3.04                     -0.50052728
               3.0439999                     -0.50690774
               3.0480001                      -0.5133885
                   3.052                     -0.51995204
                   3.056                     -0.52658451
               3.0599999                     -0.53326807
               3.0639999                     -0.53998776
               3.0680001                      -0.5467265
                   3.072                     -0.55346919
                   3.076                     -0.56019897
               3.0799999                     -0.56690288
               3.0840001                     -0.57356473
               3.0880001                     -0.58017184
                   3.092                     -0.58671129
                   3.096                     -0.59317186
               3.0999999                     -0.59954345
               3.1040001                     -0.60581573
                   3.108                     -0.61198267
                   3.112                     -0.61803653
               3.1159999                     -0.62397389
               3.1199999                     -0.62979143
               3.1240001                     -0.63548884
                   3.128                     -0.64106512
                   3.132                     -0.64652407
               3.1359999                     -0.65186961
               3.1400001                     -0.65710864
               3.1440001                     -0.66224805
                   3.148                     -0.66729888
                   3.152                     -0.67227227
               3.1559999                     -0.67718067
               3.1600001                     -0.68204118
                   3.164                     -0.68686898
                   3.168                     -0.69168258
               3.1719999                     -0.69650252
               3.1760001                     -0.70134872
               3.1800001                     -0.70624382
                   3.184                        -0.71121
                   3.188                     -0.71627234
               3.1919999                     -0.72145485
               3.1960001                     -0.72678293
                     3.2                     -0.73228296
                   3.204                      -0.7379803
               3.2079999                     -0.74390164
               3.2119999                      -0.7500721
               3.2160001                     -0.75651805
                    3.22                     -0.76326611
                   3.224                     -0.77033874
               3.2279999                     -0.77776251
               3.2320001                     -0.78555892
               3.2360001                     -0.79375134
                    3.24                     -0.80236076
                   3.244                     -0.81140771
               3.2479999                     -0.82090987
               3.2520001                     -0.83088483
                   3.256                     -0.84134754
                    3.26                     -0.85231217
               3.2639999                     -0.86379139
               3.2679999                     -0.87579524
               3.2720001                     -0.88833057
                   3.276                     -0.90140545
                    3.28                      -0.9150248
               3.2839999                     -0.92918975
               3.2880001                     -0.94390224
               3.2920001                     -0.95916083
                   3.296                     -0.97496217
                     3.3                     -0.99130063
               3.3039999                      -1.0081704
               3.3080001                      -1.0255635
                   3.312                      -1.0434693
                   3.316                      -1.0618773
               3.3199999                      -1.0807741
               3.3239999                      -1.1001467
               3.3280001                      -1.1199796
                   3.332                      -1.1402584
                   3.336                      -1.1609666
               3.3399999                      -1.1820862
               3.3440001                      -1.2036027
                   3.348                      -1.2254979
                   3.352                      -1.2477565
               3.3559999                      -1.2703623
               3.3599999                      -1.2933011
               3.3640001                      -1.3165576
                   3.368                      -1.3401212
                   3.372                      -1.3639801
               3.3759999                      -1.3881254
               3.3800001                      -1.4125504
               3.3840001                      -1.4372511
                   3.388                      -1.4622266
                   3.392                      -1.4874774
               3.3959999                      -1.5130086
               3.4000001                      -1.5388286
                   3.404                      -1.5649484
                   3.408                      -1.5913847
               3.4119999                      -1.6181557
               3.4159999                      -1.6452882
               3.4200001                      -1.6728063
                   3.424                      -1.7007467
                   3.428                      -1.7291444
               3.4319999                      -1.7580416
               3.4360001                      -1.7874856
               3.4400001                      -1.8175263
                   3.444                      -1.8482217
                   3.448                      -1.8796302
               3.4519999                      -1.9118189
               3.4560001                      -1.9448559
                    3.46                      -1.9788152
                   3.464                      -2.0137772
               3.4679999                      -2.0498242
               3.4719999                      -2.0870416
               3.4760001                      -2.1255229
                    3.48                      -2.1653615
                   3.484                      -2.2066542
               3.4879999                      -2.2495055
               3.4920001                      -2.2940199
               3.4960001                      -2.3403052
                     3.5                      -2.3884724
               3.5039999                      -2.4386358
               3.5079999                      -2.4909126
               3.5120001                      -2.5454221
                   3.516                      -2.6022846
                    3.52                      -2.6616243
               3.5239999                      -2.7235669
               3.5280001                      -2.7882385
               3.5320001                      -2.8557693
                   3.536                       -2.926289
                    3.54                      -2.9999289
               3.5439999                      -3.0768218
               3.5480001                      -3.1571018
                   3.552                      -3.2409022
                   3.556                      -3.3283583
               3.5599999                      -3.4196061
               3.5639999                      -3.5147792
               3.5680001                      -3.6140142
                   3.572                       -3.717445
                   3.576                       -3.825203
               3.5799999                      -3.9374226
               3.5840001                      -4.0542309
               3.5880001                      -4.1757563
                   3.592                      -4.3021196
                   3.596                      -4.4334394
               3.5999999                      -4.5698279
               3.6040001                      -4.7113895
                   3.608                      -4.8582181
                   3.612                      -5.0103964
               3.6159999                      -5.1679939
               3.6199999                      -5.3310627
               3.6240001                       -5.499632
                   3.628                      -5.6737094
                   3.632                      -5.8532664
               3.6359999                      -6.0382425
               3.6400001                      -6.2285317
               3.6440001                      -6.4239754
                   3.648                      -6.6243544
                   3.652                      -6.8293731
               3.6559999                      -7.0386531
               3.6600001                      -7.2517133
                   3.664                       -7.467955
                   3.668                      -7.6866478
               3.6719999                      -7.9069049
               3.6760001                      -8.1276704
               3.6800001                       -8.347695
                   3.684                      -8.5655245
                   3.688                      -8.7794851
               3.6919999                      -8.9876784
               3.6960001                      -9.1879858
                     3.7                      -9.3780896
                   3.704                      -9.5555038
               3.7079999                      -9.7176317
               3.7119999                      -9.8618438
               3.7160001                      -9.9855719
                    3.72                      -10.086425
                   3.724                       -10.16231
               3.7279999                      -10.211553
               3.7320001                      -10.233001
               3.7360001                      -10.226104
                    3.74                      -10.190946
                   3.744                      -10.128247
               3.7479999                      -10.039306
               3.7520001                      -9.9259242
                   3.756                      -9.7902929
                    3.76                      -9.6348666
               3.7639999                      -9.4622488
               3.7679999                       -9.275079
               3.7720001                      -9.0759416
                   3.776                      -8.8672931
                    3.78                      -8.6514127
               3.7839999                      -8.4303743
               3.7880001                      -8.2060285
               3.7920001                      -7.9800015
                   3.796                      -7.7537045
                     3.8                      -7.5283434
               3.8039999                      -7.3049406
               3.8080001                      -7.0843492
                   3.812                      -6.8672745
                   3.816                      -6.6542918
               3.8199999                       -6.445863
               3.8239999                      -6.2423539
               3.8280001                      -6.0440463
                   3.832                      -5.8511531
                   3.836                      -5.6638245
               3.8399999                      -5.4821644
               3.8440001                      -5.3062312
                   3.848                      -5.1360491
                   3.852                      -4.9716136
               3.8559999                      -4.8128951
               3.8599999                       -4.659842
               3.8640001                      -4.5123882
                   3.868                      -4.3704532
                   3.872                      -4.2339447
               3.8759999                      -4.1027596
               3.8800001                      -3.9767884
               3.8840001                      -3.8559149
                   3.888                      -3.7400182
                   3.892                      -3.6289728
               3.8959999                      -3.5226472
               3.9000001                      -3.4209121
                   3.904                      -3.3236321
                   3.908                      -3.2306709
               3.9119999                      -3.1418914
               3.9159999                       -3.057153
               3.9200001                      -2.9763168
                   3.924                      -2.8992403
                   3.928                      -2.8257852
               3.9319999                      -2.7558084
               3.9360001                      -2.6891674
               3.9400001                      -2.6257213
                   3.944                      -2.5653269
                   3.948                      -2.5078436
               3.9519999                      -2.4531309
               3.9560001                      -2.4010467
                    3.96                      -2.3514534
                   3.964                      -2.3042103
               3.9679999                      -2.2591816
               3.9719999                      -2.2162297
               3.9760001                      -2.1752223
                    3.98                      -2.1360266
                   3.984                      -2.0985128
               3.9879999                      -2.0625545
               3.9920001                      -2.0280256
               3.9960001                      -1.9948077
                       4                      -1.9627821
               4.0040002                      -1.9318368
               4.0079999                      -1.9018605
               4.0120001                      -1.8727518
               4.0159998                      -1.8444081
                    4.02                      -1.8167381
               4.0240002                      -1.7896514
               4.0279999                      -1.7630666
               4.0320001                      -1.7369061
               4.0359998                      -1.7110987
                    4.04                      -1.6855817
               4.0440001                       -1.660298
               4.0479999                      -1.6351956
                   4.052                       -1.610231
               4.0560002                      -1.5853685
               4.0599999                      -1.5605764
               4.0640001                      -1.5358306
               4.0679998                      -1.5111152
                   4.072                      -1.4864197
               4.0760002                       -1.461738
               4.0799999                      -1.4370731
               4.0840001                      -1.4124307
               4.0879998                      -1.3878252
                   4.092                      -1.3632708
               4.0960002                      -1.3387915
               4.0999999                      -1.3144126
               4.1040001                      -1.2901642
               4.1079998                      -1.2660781
                   4.112                      -1.2421911
               4.1160002                      -1.2185403
               4.1199999                      -1.1951657
               4.1240001                      -1.1721082
               4.1279998                      -1.1494106
                   4.132                      -1.1271151
               4.1360002                      -1.1052635
               4.1399999                      -1.0838988
               4.1440001                      -1.0630623
               4.1479998                      -1.0427928
                   4.152                      -1.0231302
               4.1560001                      -1.0041096
               4.1599998                     -0.98576581
                   4.164                     -0.96813105
               4.1680002                     -0.95123303
               4.1719999                     -0.93509907
               4.1760001                     -0.91974889
               4.1799998                     -0.90520459
                   4.184                     -0.89147875
               4.1880002                     -0.87858487
               4.1919999                     -0.86652924
               4.1960001                     -0.85531569
               4.1999998                     -0.84494352
                   4.204                     -0.83540876
               4.2080002                     -0.82670232
               4.2119999                       -0.818811
               4.2160001                     -0.81171905
               4.2199998                     -0.80540317
                   4.224                      -0.7998416
               4.2280002                     -0.79500416
               4.2319999                     -0.79085853
               4.2360001                     -0.78736908
               4.2399998                     -0.78449828
                   4.244                     -0.78220214
               4.2480001                     -0.78043766
               4.2519999                     -0.77915614
                   4.256                     -0.77830908
               4.2600002                     -0.77784324
               4.2639999                     -0.77770692
               4.2680001                       -0.777846
               4.2719998                       -0.778204
                   4.276                     -0.77872571
               4.2800002                     -0.77935423
               4.2839999                     -0.78003305
               4.2880001                     -0.78070973
               4.2919998                     -0.78132851
                   4.296                     -0.78183586
               4.3000002                     -0.78218284
               4.3039999                     -0.78231965
               4.3080001                     -0.78220091
               4.3119998                     -0.78178446
                   4.316                     -0.78102989
               4.3200002                     -0.77990213
               4.3239999                     -0.77836918
               4.3280001                     -0.77640392
               4.3319998                     -0.77398357
                   4.336                     -0.77108937
               4.3400002                     -0.76770848
               4.3439999                     -0.76383235
                   4.348                     -0.75945692
               4.3520002                     -0.75458441
               4.3559999                     -0.74922073
               4.3600001                      -0.7433775
               4.3639998                     -0.73707102
                   4.368                     -0.73032102
               4.3720002                     -0.72315381
               4.3759999                     -0.71559877
               4.3800001                     -0.70768674
               4.3839998                     -0.69945675
                   4.388                     -0.69094817
               4.3920002                     -0.68220291
               4.3959999                     -0.67326667
               4.4000001                     -0.66418611
               4.4039998                     -0.65501031
                   4.408                     -0.64578951
               4.4120002                     -0.63657389
               4.4159999                     -0.62741533
               4.4200001                     -0.61836487
               4.4239998                     -0.60947286
                   4.428                     -0.60078837
               4.4320002                     -0.59236138
               4.4359999                     -0.58423795
               4.4400001                     -0.57646289
               4.4439998                     -0.56907838
                   4.448                     -0.56212591
               4.4520001                     -0.55564124
               4.4559999                      -0.5496583
                    4.46                     -0.54420767
               4.4640002                      -0.5393156
               4.4679999                     -0.53500468
               4.4720001                     -0.53129467
               4.4759998                     -0.52819914
                    4.48                     -0.52572933
               4.4840002                      -0.5238899
               4.4879999                     -0.52268328
               4.4920001                     -0.52210587
               4.4959998                     -0.52215049
                     4.5                     -0.52280511
               4.5040002                     -0.52405333
               4.5079999                      -0.5258739
               4.5120001                     -0.52824175
               4.5159998                     -0.53112885
                    4.52                     -0.53450183
               4.5240002                     -0.53832352
               4.5279999                     -0.54255427
               4.5320001                     -0.54715063
               4.5359998                     -0.55206618
                    4.54                     -0.55725101
               4.5440001                     -0.56265554
               4.5479999                     -0.56822481
                   4.552                     -0.57390528
               4.5560002                     -0.57964052
               4.5599999                     -0.58537303
               4.5640001                     -0.59104701
               4.5679998                     -0.59660529
                   4.572                     -0.60199152
               4.5760002                     -0.60715089
               4.5799999                     -0.61203029
               4.5840001                     -0.61657807
               4.5879998                      -0.6207459
                   4.592                     -0.62448805
               4.5960002                     -0.62776191
               4.5999999                     -0.63052836
               4.6040001                     -0.63275408
               4.6079998                     -0.63440941
                   4.612                     -0.63546906
               4.6160002                     -0.63591391
               4.6199999                     -0.63572859
               4.6240001                     -0.63490484
               4.6279998                     -0.63343991
                   4.632                      -0.6313358
               4.6360002                     -0.62860175
               4.6399999                     -0.62524949
               4.6440001                     -0.62130077
               4.6479998                     -0.61677796
                   4.652                     -0.61171444
               4.6560001                     -0.60614164
               4.6599998                     -0.60010063
                   4.664                     -0.59363553
               4.6680002                      -0.5867931
               4.6719999                     -0.57962446
               4.6760001                     -0.57218515
               4.6799998                     -0.56453055
                   4.684                      -0.5567199
               4.6880002                     -0.54881257
               4.6919999                     -0.54087101
               4.6960001                     -0.53295654
               4.6999998                      -0.5251315
                   4.704                     -0.51745775
               4.7080002                     -0.50999532
               4.7119999                     -0.50280377
               4.7160001                     -0.49594159
               4.7199998                     -0.48946122
                   4.724                     -0.48341753
               4.7280002                     -0.47785892
               4.7319999                     -0.47283124
               4.7360001                      -0.4683771
               4.7399998                     -0.46453334
                   4.744                     -0.46133425
               4.7480001                     -0.45880869
               4.7519999                     -0.45698034
                   4.756                      -0.4558684
               4.7600002                     -0.45548662
               4.7639999                     -0.45584215
               4.7680001                      -0.4569389
               4.7719998                     -0.45877369
                   4.776                     -0.46133739
               4.7800002                      -0.4646171
               4.7839999                     -0.46859342
               4.7880001                     -0.47323931
               4.7919998                     -0.47852489
                   4.796                      -0.4844155
               4.8000002                     -0.49086857
               4.8039999                     -0.49783971
               4.8080001                     -0.50527734
               4.8119998                     -0.51312648
                   4.816                     -0.52132844
               4.8200002                     -0.52982248
               4.8239999                      -0.5385397
               4.8280001                     -0.54741428
               4.8319998                     -0.55637436
                   4.836                     -0.56534712
               4.8400002                     -0.57425945
               4.8439999                     -0.58303811
                   4.848                     -0.59160688
               4.8520002                      -0.5998927
               4.8559999                     -0.60782458
               4.8600001                     -0.61533056
               4.8639998                     -0.62234463
                   4.868                     -0.62880126
               4.8720002                     -0.63464135
               4.8759999                     -0.63980789
               4.8800001                     -0.64425041
               4.8839998                     -0.64792515
                   4.888                     -0.65079237
               4.8920002                     -0.65282161
               4.8959999                     -0.65398636
               4.9000001                     -0.65426994
               4.9039998                     -0.65366413
                   4.908                      -0.6521649
               4.9120002                     -0.64977943
               4.9159999                     -0.64652192
               4.9200001                     -0.64241446
               4.9239998                     -0.63748625
                   4.928                     -0.63177494
               4.9320002                     -0.62532522
               4.9359999                     -0.61818803
               4.9400001                     -0.61042147
               4.9439998                     -0.60208789
                   4.948                     -0.59325768
               4.9520001                     -0.58400294
               4.9559999                     -0.57440109
                    4.96                     -0.56453418
               4.9640002                     -0.55448516
               4.9679999                     -0.54433903
               4.9720001                     -0.53418244
               4.9759998                     -0.52410352
                    4.98                     -0.51418888
               4.9840002                     -0.50452422
               4.9879999                      -0.4951947
               4.9920001                     -0.48628299
               4.9959998                     -0.47786841
                       5                     -0.47002859

