                  Frequency                        S11
                       1                      -0.3617214
               1.0039999                     -0.36505306
                   1.008                     -0.36830248
                   1.012                     -0.37149258
                   1.016                     -0.37464667
                    1.02                     -0.37778932
                   1.024                     -0.38094535
                   1.028                     -0.38413914
               1.0319999                      -0.3873956
                   1.036                     -0.39074016
                    1.04                     -0.39419736
                   1.044                     -0.39779204
                   1.048                     -0.40154776
                   1.052                     -0.40548833
                   1.056                     -0.40963665
               1.0599999                     -0.41401355
                   1.064                     -0.41864091
                   1.068                     -0.42353809
                   1.072                     -0.42872365
                   1.076                     -0.43421414
                    1.08                     -0.44002674
                   1.084                     -0.44617466
               1.0880001                     -0.45267176
                   1.092                     -0.45952919
                   1.096                     -0.46675669
                     1.1                     -0.47436424
                   1.104                     -0.48235733
                   1.108                     -0.49074202
                   1.112                     -0.49952231
               1.1160001                     -0.50869981
                    1.12                     -0.51827585
                   1.124                     -0.52825061
                   1.128                     -0.53862123
                   1.132                     -0.54938451
                   1.136                     -0.56053622
                    1.14                     -0.57207079
               1.1440001                     -0.58398148
                   1.148                     -0.59625918
                   1.152                      -0.6088978
                   1.156                     -0.62188511
                    1.16                     -0.63521139
                   1.164                     -0.64886674
                   1.168                       -0.662838
               1.1720001                     -0.67711512
                   1.176                     -0.69168416
               1.1799999                     -0.70653373
                   1.184                     -0.72165042
                   1.188                     -0.73702315
                   1.192                     -0.75263836
                   1.196                     -0.76848378
                     1.2                     -0.78454873
                   1.204                     -0.80082098
               1.2079999                     -0.81729061
                   1.212                     -0.83394726
                   1.216                     -0.85078167
                    1.22                     -0.86778651
                   1.224                     -0.88495196
                   1.228                      -0.9022737
                   1.232                     -0.91974545
               1.2359999                     -0.93736271
                    1.24                     -0.95512288
                   1.244                     -0.97302459
                   1.248                     -0.99106547
                   1.252                      -1.0092486
                   1.256                      -1.0275745
                    1.26                      -1.0460462
               1.2640001                      -1.0646689
                   1.268                      -1.0834477
                   1.272                      -1.1023913
                   1.276                      -1.1215077
                    1.28                      -1.1408061
                   1.284                      -1.1602962
                   1.288                      -1.1799923
               1.2920001                      -1.1999067
                   1.296                      -1.2200517
                     1.3                      -1.2404446
                   1.304                      -1.2611004
                   1.308                      -1.2820351
                   1.312                      -1.3032679
                   1.316                      -1.3248157
               1.3200001                      -1.3466975
                   1.324                      -1.3689323
               1.3279999                      -1.3915403
                   1.332                      -1.4145394
                   1.336                      -1.4379514
                    1.34                      -1.4617959
                   1.344                      -1.4860931
                   1.348                      -1.5108645
                   1.352                      -1.5361286
               1.3559999                      -1.5619052
                    1.36                      -1.5882152
                   1.364                      -1.6150762
                   1.368                       -1.642509
                   1.372                      -1.6705301
                   1.376                      -1.6991585
                    1.38                      -1.7284118
               1.3839999                      -1.7583052
                   1.388                       -1.788856
                   1.392                      -1.8200781
                   1.396                      -1.8519878
                     1.4                      -1.8845967
                   1.404                      -1.9179188
                   1.408                      -1.9519653
               1.4119999                      -1.9867485
                   1.416                      -2.0222785
                    1.42                      -2.0585632
                   1.424                      -2.0956122
                   1.428                      -2.1334343
                   1.432                      -2.1720343
                   1.436                      -2.2114192
               1.4400001                      -2.2515944
                   1.444                      -2.2925639
                   1.448                      -2.3343315
                   1.452                      -2.3768997
                   1.456                      -2.4202712
                    1.46                      -2.4644485
                   1.464                      -2.5094305
               1.4680001                      -2.5552193
                   1.472                      -2.6018141
                   1.476                      -2.6492141
                    1.48                      -2.6974194
                   1.484                      -2.7464281
                   1.488                      -2.7962379
                   1.492                      -2.8468482
               1.4960001                      -2.8982569
                     1.5                      -2.9504617
               1.5039999                        -3.00346
                   1.508                      -3.0572508
                   1.512                      -3.1118318
                   1.516                      -3.1672013
                    1.52                      -3.2233583
                   1.524                      -3.2802999
                   1.528                      -3.3380265
               1.5319999                      -3.3965385
                   1.536                      -3.4558331
                    1.54                      -3.5159134
                   1.544                      -3.5767786
                   1.548                      -3.6384324
                   1.552                      -3.7008756
                   1.556                      -3.7641115
               1.5599999                       -3.828144
                   1.564                      -3.8929768
                   1.568                      -3.9586176
                   1.572                      -4.0250704
                   1.576                      -4.0923419
                    1.58                      -4.1604429
                   1.584                      -4.2293789
               1.5880001                      -4.2991599
                   1.592                      -4.3697979
                   1.596                      -4.4413039
                     1.6                      -4.5136888
                   1.604                      -4.5869663
                   1.608                      -4.6611495
                   1.612                      -4.7362545
               1.6160001                      -4.8122957
                    1.62                      -4.8892883
                   1.624                      -4.9672497
                   1.628                      -5.0461976
                   1.632                      -5.1261494
                   1.636                      -5.2071237
                    1.64                      -5.2891373
               1.6440001                      -5.3722112
                   1.648                      -5.4563656
                   1.652                      -5.5416188
                   1.656                      -5.6279902
                    1.66                      -5.7155016
                   1.664                      -5.8041723
                   1.668                      -5.8940208
               1.6720001                      -5.9850692
                   1.676                      -6.0773348
               1.6799999                      -6.1708381
                   1.684                      -6.2655979
                   1.688                      -6.3616319
                   1.692                      -6.4589576
                   1.696                      -6.5575924
                     1.7                      -6.6575529
                   1.704                      -6.7588538
               1.7079999                      -6.8615092
                   1.712                      -6.9655322
                   1.716                      -7.0709358
                    1.72                      -7.1777301
                   1.724                      -7.2859251
                   1.728                      -7.3955264
                   1.732                      -7.5065436
               1.7359999                      -7.6189785
                    1.74                      -7.7328356
                   1.744                      -7.8481147
                   1.748                      -7.9648152
                   1.752                      -8.0829336
                   1.756                      -8.2024655
                    1.76                       -8.323402
               1.7640001                      -8.4457329
                   1.768                      -8.5694452
                   1.772                      -8.6945253
                   1.776                       -8.820954
                    1.78                      -8.9487099
                   1.784                        -9.07777
                   1.788                      -9.2081065
               1.7920001                      -9.3396896
                   1.796                      -9.4724862
                     1.8                      -9.6064601
                   1.804                      -9.7415704
                   1.808                      -9.8777732
                   1.812                      -10.015021
                   1.816                      -10.153263
               1.8200001                      -10.292444
                   1.824                      -10.432505
               1.8279999                      -10.573383
                   1.832                      -10.715011
                   1.836                      -10.857316
                    1.84                      -11.000224
                   1.844                      -11.143656
                   1.848                      -11.287525
                   1.852                      -11.431743
               1.8559999                      -11.576217
                    1.86                      -11.720848
                   1.864                      -11.865534
                   1.868                      -12.010167
                   1.872                      -12.154635
                   1.876                      -12.298822
                    1.88                      -12.442605
               1.8839999                      -12.585859
                   1.888                      -12.728453
                   1.892                      -12.870251
                   1.896                      -13.011113
                     1.9                      -13.150895
                   1.904                      -13.289447
                   1.908                      -13.426616
               1.9119999                      -13.562244
                   1.916                      -13.696171
                    1.92                      -13.828233
                   1.924                      -13.958258
                   1.928                      -14.086076
                   1.932                      -14.211513
                   1.936                      -14.334391
               1.9400001                      -14.454531
                   1.944                      -14.571752
                   1.948                      -14.685874
                   1.952                      -14.796714
                   1.956                      -14.904091
                    1.96                      -15.007826
                   1.964                       -15.10774
               1.9680001                      -15.203657
                   1.972                      -15.295407
                   1.976                      -15.382824
                    1.98                      -15.465749
                   1.984                      -15.544029
                   1.988                       -15.61752
                   1.992                      -15.686087
               1.9960001                      -15.749609
                       2                      -15.807974
               2.0039999                      -15.861086
               2.0079999                       -15.90886
               2.0120001                      -15.951231
                   2.016                      -15.988146
                    2.02                      -16.019573
               2.0239999                      -16.045494
               2.0280001                      -16.065915
               2.0320001                      -16.080855
                   2.036                      -16.090353
                    2.04                       -16.09447
               2.0439999                       -16.09328
               2.0480001                      -16.086881
                   2.052                      -16.075383
                   2.056                      -16.058913
               2.0599999                      -16.037617
               2.0639999                      -16.011652
               2.0680001                      -15.981186
                   2.072                      -15.946403
                   2.076                      -15.907492
               2.0799999                      -15.864655
               2.0840001                      -15.818098
               2.0880001                      -15.768034
                   2.092                      -15.714676
                   2.096                      -15.658246
               2.0999999                      -15.598961
               2.1040001                      -15.537042
                   2.108                      -15.472703
                   2.112                      -15.406162
               2.1159999                      -15.337629
               2.1199999                       -15.26731
               2.1240001                      -15.195407
                   2.128                      -15.122116
                   2.132                      -15.047622
               2.1359999                       -14.97211
               2.1400001                      -14.895751
               2.1440001                      -14.818712
                   2.148                       -14.74115
                   2.152                      -14.663215
               2.1559999                      -14.585046
               2.1600001                      -14.506779
                   2.164                      -14.428534
                   2.168                      -14.350429
               2.1719999                      -14.272572
               2.1760001                      -14.195062
               2.1800001                      -14.117992
                   2.184                      -14.041444
                   2.188                      -13.965496
               2.1919999                      -13.890218
               2.1960001                      -13.815672
                     2.2                      -13.741915
                   2.204                      -13.668996
               2.2079999                      -13.596958
               2.2119999                      -13.525839
               2.2160001                      -13.455672
                    2.22                      -13.386484
                   2.224                      -13.318296
               2.2279999                      -13.251127
               2.2320001                      -13.184988
               2.2360001                       -13.11989
                    2.24                      -13.055836
                   2.244                      -12.992828
               2.2479999                      -12.930864
               2.2520001                      -12.869938
                   2.256                      -12.810044
                    2.26                       -12.75117
               2.2639999                      -12.693303
               2.2679999                      -12.636428
               2.2720001                      -12.580529
                   2.276                      -12.525586
                    2.28                       -12.47158
               2.2839999                      -12.418488
               2.2880001                      -12.366291
               2.2920001                      -12.314962
                   2.296                      -12.264479
                     2.3                      -12.214818
               2.3039999                      -12.165954
               2.3080001                      -12.117862
                   2.312                      -12.070519
                   2.316                      -12.023898
               2.3199999                      -11.977979
               2.3239999                      -11.932734
               2.3280001                      -11.888144
                   2.332                      -11.844185
                   2.336                      -11.800838
               2.3399999                      -11.758081
               2.3440001                      -11.715896
                   2.348                      -11.674264
                   2.352                       -11.63317
               2.3559999                      -11.592601
               2.3599999                      -11.552538
               2.3640001                      -11.512972
                   2.368                      -11.473891
                   2.372                      -11.435287
               2.3759999                       -11.39715
               2.3800001                      -11.359474
               2.3840001                      -11.322255
                   2.388                      -11.285487
                   2.392                       -11.24917
               2.3959999                        -11.2133
               2.4000001                       -11.17788
                   2.404                       -11.14291
                   2.408                      -11.108392
               2.4119999                       -11.07433
               2.4159999                      -11.040729
               2.4200001                      -11.007593
                   2.424                       -10.97493
                   2.428                      -10.942744
               2.4319999                      -10.911046
               2.4360001                      -10.879842
               2.4400001                      -10.849139
                   2.444                      -10.818949
                   2.448                      -10.789277
               2.4519999                      -10.760135
               2.4560001                      -10.731531
                    2.46                      -10.703473
                   2.464                      -10.675972
               2.4679999                      -10.649033
               2.4719999                      -10.622666
               2.4760001                      -10.596877
                    2.48                      -10.571676
                   2.484                      -10.547065
               2.4879999                      -10.523053
               2.4920001                      -10.499644
               2.4960001                      -10.476843
                     2.5                      -10.454651
               2.5039999                      -10.433072
               2.5079999                      -10.412106
               2.5120001                      -10.391754
                   2.516                      -10.372018
                    2.52                      -10.352893
               2.5239999                      -10.334378
               2.5280001                       -10.31647
               2.5320001                      -10.299162
                   2.536                       -10.28245
                    2.54                      -10.266327
               2.5439999                      -10.250786
               2.5480001                      -10.235818
                   2.552                      -10.221413
                   2.556                      -10.207561
               2.5599999                       -10.19425
               2.5639999                       -10.18147
               2.5680001                      -10.169207
                   2.572                      -10.157446
                   2.576                      -10.146175
               2.5799999                       -10.13538
               2.5840001                      -10.125044
               2.5880001                      -10.115152
                   2.592                       -10.10569
                   2.596                       -10.09664
               2.5999999                      -10.087987
               2.6040001                      -10.079715
                   2.608                      -10.071808
                   2.612                      -10.064249
               2.6159999                      -10.057022
               2.6199999                      -10.050113
               2.6240001                      -10.043506
                   2.628                      -10.037187
                   2.632                      -10.031141
               2.6359999                      -10.025354
               2.6400001                      -10.019814
               2.6440001                      -10.014509
                   2.648                      -10.009428
                   2.652                      -10.004559
               2.6559999                      -9.9998935
               2.6600001                      -9.9954219
                   2.664                      -9.9911381
                   2.668                      -9.9870352
               2.6719999                       -9.983107
               2.6760001                      -9.9793498
               2.6800001                      -9.9757584
                   2.684                      -9.9723338
                   2.688                      -9.9690736
               2.6919999                      -9.9659762
               2.6960001                      -9.9630443
                     2.7                      -9.9602797
                   2.704                      -9.9576864
               2.7079999                      -9.9552665
               2.7119999                      -9.9530272
               2.7160001                      -9.9509734
                    2.72                      -9.9491123
                   2.724                      -9.9474505
               2.7279999                      -9.9459976
               2.7320001                      -9.9447618
               2.7360001                      -9.9437525
                    2.74                      -9.9429797
                   2.744                      -9.9424542
               2.7479999                      -9.9421871
               2.7520001                      -9.9421877
                   2.756                      -9.9424692
                    2.76                      -9.9430413
               2.7639999                      -9.9439141
               2.7679999                      -9.9451016
               2.7720001                      -9.9466133
                   2.776                      -9.9484588
                    2.78                      -9.9506497
               2.7839999                      -9.9531944
               2.7880001                      -9.9561042
               2.7920001                      -9.9593848
                   2.796                      -9.9630485
                     2.8                      -9.9670995
               2.8039999                      -9.9715452
               2.8080001                      -9.9763915
                   2.812                      -9.9816441
                   2.816                      -9.9873057
               2.8199999                      -9.9933813
               2.8239999                      -9.9998704
               2.8280001                      -10.006776
                   2.832                      -10.014098
                   2.836                      -10.021835
               2.8399999                      -10.029986
               2.8440001                      -10.038546
                   2.848                      -10.047512
                   2.852                      -10.056879
               2.8559999                      -10.066641
               2.8599999                       -10.07679
               2.8640001                      -10.087316
                   2.868                      -10.098215
                   2.872                      -10.109472
               2.8759999                      -10.121077
               2.8800001                       -10.13302
               2.8840001                      -10.145287
                   2.888                      -10.157865
                   2.892                       -10.17074
               2.8959999                      -10.183898
               2.9000001                      -10.197322
                   2.904                         -10.211
                   2.908                      -10.224912
               2.9119999                      -10.239045
               2.9159999                      -10.253382
               2.9200001                      -10.267906
                   2.924                      -10.282601
                   2.928                      -10.297449
               2.9319999                      -10.312437
               2.9360001                      -10.327546
               2.9400001                      -10.342761
                   2.944                      -10.358067
                   2.948                       -10.37345
               2.9519999                      -10.388894
               2.9560001                      -10.404388
                    2.96                      -10.419916
                   2.964                      -10.435468
               2.9679999                      -10.451032
               2.9719999                      -10.466597
               2.9760001                      -10.482154
                    2.98                      -10.497694
                   2.984                       -10.51321
               2.9879999                      -10.528696
               2.9920001                      -10.544146
               2.9960001                      -10.559555
                       3                      -10.574921
               3.0039999                       -10.59024
               3.0079999                      -10.605514
               3.0120001                      -10.620739
                   3.016                      -10.635918
                    3.02                      -10.651054
               3.0239999                      -10.666149
               3.0280001                      -10.681204
               3.0320001                      -10.696228
                   3.036                      -10.711223
                    3.04                      -10.726197
               3.0439999                      -10.741156
               3.0480001                      -10.756108
                   3.052                      -10.771059
                   3.056                      -10.786019
               3.0599999                      -10.800996
               3.0639999                      -10.815998
               3.0680001                      -10.831035
                   3.072                      -10.846114
                   3.076                      -10.861245
               3.0799999                      -10.876435
               3.0840001                      -10.891694
               3.0880001                      -10.907029
                   3.092                      -10.922448
                   3.096                      -10.937958
               3.0999999                      -10.953562
               3.1040001                       -10.96927
                   3.108                      -10.985083
                   3.112                      -11.001006
               3.1159999                      -11.017042
               3.1199999                      -11.033192
               3.1240001                      -11.049456
                   3.128                      -11.065833
                   3.132                      -11.082321
               3.1359999                      -11.098918
               3.1400001                      -11.115619
               3.1440001                      -11.132415
                   3.148                      -11.149302
                   3.152                      -11.166268
               3.1559999                      -11.183303
               3.1600001                      -11.200396
                   3.164                      -11.217534
                   3.168                        -11.2347
               3.1719999                      -11.251877
               3.1760001                      -11.269049
               3.1800001                      -11.286194
                   3.184                      -11.303294
                   3.188                      -11.320323
               3.1919999                      -11.337259
               3.1960001                      -11.354077
                     3.2                      -11.370751
                   3.204                      -11.387252
               3.2079999                      -11.403553
               3.2119999                      -11.419623
               3.2160001                      -11.435433
                    3.22                       -11.45095
                   3.224                      -11.466144
               3.2279999                       -11.48098
               3.2320001                      -11.495427
               3.2360001                       -11.50945
                    3.24                      -11.523015
                   3.244                      -11.536089
               3.2479999                      -11.548637
               3.2520001                      -11.560628
                   3.256                      -11.572024
                    3.26                      -11.582796
               3.2639999                      -11.592909
               3.2679999                      -11.602332
               3.2720001                      -11.611035
                   3.276                      -11.618984
                    3.28                      -11.626155
               3.2839999                      -11.632517
               3.2880001                      -11.638046
               3.2920001                      -11.642714
                   3.296                      -11.646498
                     3.3                      -11.649379
               3.3039999                      -11.651334
               3.3080001                      -11.652347
                   3.312                        -11.6524
                   3.316                      -11.651478
               3.3199999                      -11.649571
               3.3239999                      -11.646666
               3.3280001                      -11.642758
                   3.332                      -11.637837
                   3.336                      -11.631902
               3.3399999                       -11.62495
               3.3440001                      -11.616982
                   3.348                      -11.608001
                   3.352                      -11.598009
               3.3559999                      -11.587013
               3.3599999                      -11.575023
               3.3640001                      -11.562046
                   3.368                      -11.548097
                   3.372                      -11.533187
               3.3759999                      -11.517333
               3.3800001                       -11.50055
               3.3840001                      -11.482856
                   3.388                      -11.464271
                   3.392                      -11.444813
               3.3959999                      -11.424505
               3.4000001                      -11.403369
                   3.404                      -11.381426
                   3.408                      -11.358701
               3.4119999                      -11.335214
               3.4159999                      -11.310993
               3.4200001                      -11.286058
                   3.424                      -11.260434
                   3.428                      -11.234146
               3.4319999                      -11.207214
               3.4360001                      -11.179664
               3.4400001                      -11.151514
                   3.444                       -11.12279
                   3.448                      -11.093509
               3.4519999                      -11.063691
               3.4560001                      -11.033354
                    3.46                      -11.002515
                   3.464                       -10.97119
               3.4679999                      -10.939394
               3.4719999                      -10.907136
               3.4760001                      -10.874431
                    3.48                      -10.841284
                   3.484                      -10.807706
               3.4879999                      -10.773701
               3.4920001                      -10.739271
               3.4960001                      -10.704419
                     3.5                      -10.669145
               3.5039999                      -10.633446
               3.5079999                      -10.597317
               3.5120001                      -10.560749
                   3.516                      -10.523737
                    3.52                      -10.486269
               3.5239999                      -10.448332
               3.5280001                       -10.40991
               3.5320001                      -10.370989
                   3.536                      -10.331549
                    3.54                      -10.291569
               3.5439999                      -10.251028
               3.5480001                      -10.209904
                   3.552                      -10.168171
                   3.556                      -10.125804
               3.5599999                      -10.082775
               3.5639999                      -10.039057
               3.5680001                      -9.9946201
                   3.572                      -9.9494376
                   3.576                      -9.9034794
               3.5799999                      -9.8567165
               3.5840001                      -9.8091192
               3.5880001                      -9.7606597
                   3.592                      -9.7113094
                   3.596                      -9.6610419
               3.5999999                      -9.6098322
               3.6040001                      -9.5576544
                   3.608                      -9.5044884
                   3.612                      -9.4503118
               3.6159999                      -9.3951085
               3.6199999                      -9.3388611
               3.6240001                      -9.2815575
                   3.628                      -9.2231875
                   3.632                      -9.1637455
               3.6359999                      -9.1032268
               3.6400001                      -9.0416335
               3.6440001                      -8.9789677
                   3.648                      -8.9152387
                   3.652                       -8.850458
               3.6559999                      -8.7846392
               3.6600001                      -8.7178057
                   3.664                      -8.6499778
                   3.668                      -8.5811855
               3.6719999                      -8.5114602
               3.6760001                      -8.4408383
               3.6800001                      -8.3693591
                   3.684                      -8.2970667
                   3.688                      -8.2240083
               3.6919999                      -8.1502338
               3.6960001                       -8.075798
                     3.7                      -8.0007583
                   3.704                      -7.9251743
               3.7079999                      -7.8491101
               3.7119999                      -7.7726298
               3.7160001                      -7.6958016
                    3.72                      -7.6186951
                   3.724                      -7.5413822
               3.7279999                      -7.4639351
               3.7320001                      -7.3864279
               3.7360001                       -7.308936
                    3.74                      -7.2315353
                   3.744                      -7.1543032
               3.7479999                      -7.0773148
               3.7520001                      -7.0006487
                   3.756                      -6.9243807
                    3.76                      -6.8485878
               3.7639999                      -6.7733454
               3.7679999                      -6.6987286
               3.7720001                       -6.624813
                   3.776                      -6.5516711
                    3.78                      -6.4793753
               3.7839999                      -6.4079965
               3.7880001                      -6.3376045
               3.7920001                      -6.2682679
                   3.796                      -6.2000518
                     3.8                      -6.1330229
               3.8039999                      -6.0672425
               3.8080001                      -6.0027736
                   3.812                      -5.9396744
                   3.816                      -5.8780025
               3.8199999                      -5.8178141
               3.8239999                      -5.7591625
               3.8280001                      -5.7021002
                   3.832                      -5.6466745
                   3.836                      -5.5929359
               3.8399999                      -5.5409269
               3.8440001                      -5.4906927
                   3.848                      -5.4422751
                   3.852                      -5.3957116
               3.8559999                      -5.3510404
               3.8599999                      -5.3082959
               3.8640001                      -5.2675122
                   3.868                      -5.2287195
                   3.872                       -5.191946
               3.8759999                        -5.15722
               3.8800001                      -5.1245632
               3.8840001                       -5.094001
                   3.888                      -5.0655512
                   3.892                      -5.0392332
               3.8959999                      -5.0150636
               3.9000001                      -4.9930553
                   3.904                      -4.9732201
                   3.908                      -4.9555664
               3.9119999                      -4.9401031
               3.9159999                      -4.9268338
               3.9200001                      -4.9157607
                   3.924                      -4.9068844
                   3.928                      -4.9002023
               3.9319999                      -4.8957102
               3.9360001                      -4.8934001
               3.9400001                      -4.8932612
                   3.944                      -4.8952815
                   3.948                      -4.8994461
               3.9519999                      -4.9057353
               3.9560001                      -4.9141289
                    3.96                      -4.9246019
                   3.964                      -4.9371284
               3.9679999                      -4.9516761
               3.9719999                       -4.968213
               3.9760001                      -4.9867003
                    3.98                      -5.0070994
                   3.984                       -5.029364
               3.9879999                      -5.0534483
               3.9920001                         -5.0793
               3.9960001                      -5.1068655
                       4                      -5.1360833
               4.0040002                      -5.1668924
               4.0079999                      -5.1992248
               4.0120001                      -5.2330097
               4.0159998                      -5.2681724
                    4.02                      -5.3046339
               4.0240002                      -5.3423102
               4.0279999                      -5.3811152
               4.0320001                      -5.4209578
               4.0359998                      -5.4617421
                    4.04                      -5.5033701
               4.0440001                       -5.545739
               4.0479999                      -5.5887425
                   4.052                      -5.6322719
               4.0560002                      -5.6762152
               4.0599999                      -5.7204578
               4.0640001                       -5.764882
               4.0679998                      -5.8093701
                   4.072                      -5.8538007
               4.0760002                      -5.8980522
               4.0799999                      -5.9420046
               4.0840001                       -5.985534
               4.0879998                      -6.0285214
                   4.092                      -6.0708467
               4.0960002                      -6.1123921
               4.0999999                      -6.1530446
               4.1040001                      -6.1926907
               4.1079998                      -6.2312271
                   4.112                      -6.2685497
               4.1160002                      -6.3045636
               4.1199999                      -6.3391793
               4.1240001                      -6.3723146
               4.1279998                       -6.403895
                   4.132                      -6.4338538
               4.1360002                      -6.4621341
               4.1399999                      -6.4886875
               4.1440001                      -6.5134764
               4.1479998                      -6.5364722
                   4.152                      -6.5576558
               4.1560001                      -6.5770206
               4.1599998                      -6.5945671
                   4.164                      -6.6103081
               4.1680002                      -6.6242657
               4.1719999                       -6.636472
               4.1760001                      -6.6469678
               4.1799998                      -6.6558019
                   4.184                      -6.6630311
               4.1880002                      -6.6687228
               4.1919999                      -6.6729473
               4.1960001                      -6.6757831
               4.1999998                      -6.6773141
                   4.204                      -6.6776283
               4.2080002                      -6.6768159
               4.2119999                      -6.6749733
               4.2160001                      -6.6721961
               4.2199998                      -6.6685833
                   4.224                      -6.6642337
               4.2280002                      -6.6592457
               4.2319999                      -6.6537165
               4.2360001                      -6.6477434
               4.2399998                      -6.6414208
                   4.244                      -6.6348391
               4.2480001                      -6.6280876
               4.2519999                      -6.6212505
                   4.256                      -6.6144092
               4.2600002                      -6.6076378
               4.2639999                      -6.6010101
               4.2680001                      -6.5945903
               4.2719998                      -6.5884397
                   4.276                      -6.5826138
               4.2800002                      -6.5771618
               4.2839999                      -6.5721265
               4.2880001                      -6.5675467
               4.2919998                      -6.5634535
                   4.296                      -6.5598727
               4.3000002                      -6.5568239
               4.3039999                      -6.5543208
               4.3080001                      -6.5523706
               4.3119998                      -6.5509767
                   4.316                       -6.550135
               4.3200002                      -6.5498355
               4.3239999                      -6.5500651
               4.3280001                      -6.5508033
               4.3319998                      -6.5520265
                   4.336                      -6.5537048
               4.3400002                      -6.5558046
               4.3439999                      -6.5582901
                   4.348                      -6.5611188
               4.3520002                      -6.5642459
               4.3559999                      -6.5676245
               4.3600001                      -6.5712047
               4.3639998                      -6.5749323
                   4.368                      -6.5787534
               4.3720002                      -6.5826115
               4.3759999                      -6.5864514
               4.3800001                      -6.5902144
               4.3839998                      -6.5938427
                   4.388                      -6.5972809
               4.3920002                       -6.600471
               4.3959999                      -6.6033587
               4.4000001                      -6.6058925
               4.4039998                      -6.6080185
                   4.408                      -6.6096914
               4.4120002                      -6.6108651
               4.4159999                       -6.611499
               4.4200001                      -6.6115551
               4.4239998                      -6.6109995
                   4.428                      -6.6098049
               4.4320002                      -6.6079472
               4.4359999                      -6.6054071
               4.4400001                       -6.602171
               4.4439998                      -6.5982307
                   4.448                      -6.5935841
               4.4520001                      -6.5882328
               4.4559999                      -6.5821856
                    4.46                      -6.5754553
               4.4640002                      -6.5680616
               4.4679999                      -6.5600269
               4.4720001                      -6.5513805
               4.4759998                      -6.5421559
                    4.48                      -6.5323899
               4.4840002                      -6.5221238
               4.4879999                       -6.511403
               4.4920001                      -6.5002761
               4.4959998                      -6.4887944
                     4.5                      -6.4770105
               4.5040002                      -6.4649804
               4.5079999                      -6.4527618
               4.5120001                      -6.4404112
               4.5159998                      -6.4279888
                    4.52                       -6.415553
               4.5240002                       -6.403163
               4.5279999                      -6.3908759
               4.5320001                      -6.3787493
               4.5359998                      -6.3668395
                    4.54                       -6.355199
               4.5440001                      -6.3438798
               4.5479999                      -6.3329311
                   4.552                      -6.3223979
               4.5560002                      -6.3123249
               4.5599999                      -6.3027517
               4.5640001                      -6.2937133
               4.5679998                      -6.2852427
                   4.572                      -6.2773671
               4.5760002                       -6.270112
               4.5799999                      -6.2634969
               4.5840001                      -6.2575359
               4.5879998                      -6.2522412
                   4.592                      -6.2476181
               4.5960002                      -6.2436691
               4.5999999                      -6.2403899
               4.6040001                      -6.2377733
               4.6079998                      -6.2358088
                   4.612                      -6.2344774
               4.6160002                      -6.2337583
               4.6199999                      -6.2336265
               4.6240001                      -6.2340526
               4.6279998                       -6.235003
                   4.632                      -6.2364389
               4.6360002                      -6.2383196
               4.6399999                      -6.2406016
               4.6440001                      -6.2432365
               4.6479998                      -6.2461736
                   4.652                      -6.2493609
               4.6560001                      -6.2527428
               4.6599998                      -6.2562626
                   4.664                      -6.2598626
               4.6680002                      -6.2634825
               4.6719999                       -6.267064
               4.6760001                      -6.2705464
               4.6799998                      -6.2738718
                   4.684                      -6.2769801
               4.6880002                      -6.2798154
               4.6919999                      -6.2823211
               4.6960001                      -6.2844448
               4.6999998                      -6.2861366
                   4.704                      -6.2873476
               4.7080002                      -6.2880347
               4.7119999                      -6.2881589
               4.7160001                      -6.2876834
               4.7199998                      -6.2865777
                   4.724                      -6.2848161
               4.7280002                      -6.2823796
               4.7319999                      -6.2792499
               4.7360001                      -6.2754197
               4.7399998                      -6.2708848
                   4.744                      -6.2656465
               4.7480001                      -6.2597128
               4.7519999                      -6.2530977
                   4.756                      -6.2458196
               4.7600002                      -6.2379024
               4.7639999                       -6.229378
               4.7680001                      -6.2202792
               4.7719998                      -6.2106464
                   4.776                      -6.2005241
               4.7800002                      -6.1899598
               4.7839999                      -6.1790048
               4.7880001                      -6.1677134
               4.7919998                      -6.1561443
                   4.796                      -6.1443565
               4.8000002                      -6.1324123
               4.8039999                      -6.1203736
               4.8080001                      -6.1083045
               4.8119998                      -6.0962695
                   4.816                       -6.084331
               4.8200002                      -6.0725534
               4.8239999                      -6.0609975
               4.8280001                      -6.0497246
               4.8319998                      -6.0387935
                   4.836                      -6.0282587
               4.8400002                      -6.0181753
               4.8439999                      -6.0085922
                   4.848                      -5.9995563
               4.8520002                      -5.9911111
               4.8559999                      -5.9832943
               4.8600001                      -5.9761404
               4.8639998                      -5.9696798
                   4.868                      -5.9639361
               4.8720002                      -5.9589312
               4.8759999                      -5.9546789
               4.8800001                       -5.951188
               4.8839998                      -5.9484643
                   4.888                      -5.9465041
               4.8920002                      -5.9453005
               4.8959999                      -5.9448443
               4.9000001                      -5.9451155
               4.9039998                      -5.9460896
                   4.908                      -5.9477383
               4.9120002                      -5.9500282
               4.9159999                      -5.9529198
               4.9200001                      -5.9563692
               4.9239998                      -5.9603265
                   4.928                      -5.9647387
               4.9320002                      -5.9695476
               4.9359999                      -5.9746917
               4.9400001                      -5.9801062
               4.9439998                      -5.9857215
                   4.948                      -5.9914691
               4.9520001                      -5.9972729
               4.9559999                      -6.0030587
                    4.96                      -6.0087511
               4.9640002                      -6.0142735
               4.9679999                      -6.0195471
               4.9720001                      -6.0244976
               4.9759998                      -6.0290488
                    4.98                      -6.0331291
               4.9840002                      -6.0366664
               4.9879999                      -6.0395939
               4.9920001                       -6.041848
               4.9959998                      -6.0433704
                       5                      -6.0441057

